h_2.fa	57967000 - 60796000	g_3.fa	723000 - 1896000
CHR2		57968032	57968532	CHR3		723324	723824	21
CHR2		58105266	58105723	CHR3		768434	768890	22
CHR2		58125282	58125780	CHR3		792478	792979	13
CHR2		58186531	58187000	CHR3		818542	819009	23
CHR2		58367739	58368240	CHR3		885324	885825	21
CHR2		58770456	58770957	CHR3		1020762	1021261	19
CHR2		58796484	58796939	CHR3		1033763	1034216	22
CHR2		58858057	58858555	CHR3		1073114	1073612	24
CHR2		58882278	58882730	CHR3		1094622	1095077	22
CHR2		58949151	58949652	CHR3		1128320	1128821	11
CHR2		58976155	58976656	CHR3		1136523	1137023	22
CHR2		58994701	58995201	CHR3		1148564	1149064	25
CHR2		58996724	58997225	CHR3		1150454	1150955	8
CHR2		59136897	59137395	CHR3		1223238	1223735	23
CHR2		59144749	59145250	CHR3		1230805	1231304	15
CHR2		59199161	59199661	CHR3		1261508	1262008	18
CHR2		59203616	59204110	CHR3		1265477	1265970	24
CHR2		59305251	59305738	CHR3		1319892	1320389	24
CHR2		59541214	59541713	CHR3		1425991	1426492	22
CHR2		59889350	59889812	CHR3		1536415	1536876	23
CHR2		59947631	59948132	CHR3		1551572	1552073	11
CHR2		60056123	60056606	CHR3		1608385	1608867	24
CHR2		60137926	60138382	CHR3		1639652	1640106	22
CHR2		60297558	60298058	CHR3		1719144	1719640	24
CHR2		60298137	60298638	CHR3		1719719	1720215	22
CHR2		60352753	60353252	CHR3		1741316	1741816	19
CHR2		60441552	60442053	CHR3		1757723	1758224	16
CHR2		60761900	60762401	CHR3		1868683	1869183	22
