chr2	57968050	57968451	chr3	723342	723743	401	401	97.01
chr2	57972444	57972813	chr3	727471	727839	369	368	95.11
chr2	57986592	57986992	chr3	739679	740078	400	399	96.74
chr2	58105321	58105722	chr3	768488	768889	401	401	96.51
chr2	58113414	58113805	chr3	778375	778769	391	394	95.14
chr2	58125279	58125680	chr3	792475	792876	401	401	98.75
chr2	58186549	58186949	chr3	818559	818960	400	401	96.00
chr2	58351116	58351501	chr3	868878	869264	385	386	95.06
chr2	58367681	58368081	chr3	885266	885666	400	400	95.50
chr2	58749004	58749394	chr3	1008054	1008445	390	391	95.13
chr2	58749429	58749827	chr3	1008476	1008876	398	400	95.23
chr2	58770509	58770910	chr3	1020813	1021214	401	401	99.00
chr2	58796484	58796884	chr3	1033763	1034159	400	396	95.20
chr2	58810227	58810583	chr3	1049287	1049642	356	355	95.49
chr2	58858113	58858513	chr3	1073169	1073569	400	400	99.25
chr2	58860460	58860855	chr3	1075319	1075719	395	400	97.47
chr2	58871705	58872085	chr3	1082529	1082909	380	380	95.00
chr2	58882263	58882658	chr3	1094605	1095004	395	399	95.19
chr2	58891506	58891904	chr3	1101307	1101707	398	400	95.23
chr2	58947989	58948371	chr3	1127121	1127503	382	382	95.03
chr2	58949141	58949542	chr3	1128310	1128711	401	401	98.50
chr2	58976260	58976659	chr3	1136626	1137027	399	401	95.99
chr2	58994718	58995119	chr3	1148582	1148982	401	400	97.75
chr2	58996649	58997049	chr3	1150381	1150779	400	398	95.23
chr2	59066825	59067226	chr3	1182176	1182577	401	401	96.01
chr2	59108129	59108529	chr3	1205827	1206226	400	399	95.49
chr2	59133267	59133668	chr3	1217847	1218248	401	401	95.51
chr2	59136867	59137267	chr3	1223208	1223607	400	399	95.49
chr2	59141788	59142172	chr3	1228121	1228505	384	384	95.05
chr2	59144734	59145134	chr3	1230791	1231189	400	398	95.23
chr2	59163337	59163735	chr3	1247036	1247436	398	400	95.23
chr2	59199232	59199633	chr3	1261579	1261980	401	401	97.51
chr2	59202621	59203019	chr3	1264648	1265044	398	396	95.20
chr2	59203646	59204047	chr3	1265507	1265908	401	401	97.51
chr2	59253340	59253740	chr3	1295937	1296336	400	399	95.24
chr2	59304401	59304785	chr3	1319119	1319504	384	385	95.05
chr2	59305242	59305628	chr3	1319883	1320271	386	388	95.60
chr2	59428989	59429369	chr3	1376864	1377245	380	381	95.00
chr2	59477118	59477475	chr3	1396873	1397229	357	356	95.22
chr2	59541356	59541755	chr3	1426135	1426535	399	400	95.74
chr2	59889415	59889812	chr3	1536480	1536876	397	396	95.45
chr2	59947633	59948034	chr3	1551574	1551975	401	401	98.50
chr2	60056132	60056533	chr3	1608393	1608794	401	401	95.76
chr2	60116694	60117094	chr3	1633291	1633689	400	398	95.23
chr2	60137943	60138343	chr3	1639669	1640069	400	400	96.25
chr2	60163196	60163573	chr3	1651411	1651790	377	379	95.23
chr2	60291909	60292309	chr3	1715777	1716178	400	401	95.25
chr2	60297582	60297982	chr3	1719168	1719564	400	396	95.20
chr2	60298223	60298624	chr3	1719805	1720201	401	396	95.20
chr2	60352758	60353158	chr3	1741321	1741722	400	401	95.75
chr2	60441520	60441920	chr3	1757691	1758091	400	400	95.25
chr2	60517166	60517559	chr3	1781149	1781542	393	393	95.17
chr2	60761976	60762373	chr3	1868760	1869160	397	400	95.47
