chr2	57968051	57968402	chr3	723343	723694	351	351	96.87
chr2	57972472	57972822	chr3	727499	727846	350	347	95.97
chr2	57986599	57986950	chr3	739686	740037	351	351	98.01
chr2	58105295	58105646	chr3	768462	768813	351	351	95.73
chr2	58113414	58113761	chr3	778375	778725	347	350	95.10
chr2	58118186	58118506	chr3	781906	782225	320	319	95.30
chr2	58125304	58125655	chr3	792500	792851	351	351	99.15
chr2	58186553	58186904	chr3	818563	818914	351	351	96.30
chr2	58351128	58351479	chr3	868891	869242	351	351	96.01
chr2	58367694	58368045	chr3	885279	885630	351	351	95.44
chr2	58421730	58422076	chr3	901194	901544	346	350	97.40
chr2	58749022	58749373	chr3	1008072	1008423	351	351	96.01
chr2	58749431	58749781	chr3	1008479	1008829	350	350	96.29
chr2	58770453	58770804	chr3	1020759	1021108	351	349	95.13
chr2	58796502	58796843	chr3	1033781	1034118	341	337	95.25
chr2	58810230	58810580	chr3	1049290	1049637	350	347	95.97
chr2	58860489	58860840	chr3	1075353	1075704	351	351	99.15
chr2	58871705	58872056	chr3	1082529	1082880	351	351	96.01
chr2	58882297	58882645	chr3	1094641	1094991	348	350	95.98
chr2	58891545	58891893	chr3	1101346	1101696	348	350	95.11
chr2	58947987	58948338	chr3	1127119	1127470	351	351	96.01
chr2	58949246	58949596	chr3	1128415	1128765	350	350	98.29
chr2	58976228	58976579	chr3	1136595	1136946	351	351	96.87
chr2	58993685	58993999	chr3	1147199	1147512	314	313	95.21
chr2	58994734	58995084	chr3	1148598	1148947	350	349	97.99
chr2	58996662	58997013	chr3	1150394	1150743	351	349	95.42
chr2	58997056	58997406	chr3	1150786	1151135	350	349	95.13
chr2	59039904	59040208	chr3	1172622	1172926	304	304	95.07
chr2	59066838	59067187	chr3	1182189	1182538	349	349	97.13
chr2	59080102	59080410	chr3	1196279	1196588	308	309	95.13
chr2	59108118	59108468	chr3	1205816	1206166	350	350	95.71
chr2	59133285	59133635	chr3	1217865	1218215	350	350	95.43
chr2	59136885	59137235	chr3	1223226	1223575	350	349	95.42
chr2	59140246	59140559	chr3	1226691	1227004	313	313	95.21
chr2	59141782	59142132	chr3	1228115	1228465	350	350	95.43
chr2	59144894	59145245	chr3	1230949	1231300	351	351	98.58
chr2	59163334	59163685	chr3	1247033	1247384	351	351	95.73
chr2	59199330	59199681	chr3	1261677	1262028	351	351	96.01
chr2	59202617	59202967	chr3	1264644	1264994	350	350	95.14
chr2	59203646	59203997	chr3	1265507	1265858	351	351	97.44
chr2	59253327	59253678	chr3	1295925	1296275	351	350	95.71
chr2	59274570	59274884	chr3	1303863	1304175	314	312	95.19
chr2	59304393	59304744	chr3	1319111	1319462	351	351	95.73
chr2	59305274	59305625	chr3	1319916	1320267	351	351	96.58
chr2	59429000	59429350	chr3	1376876	1377226	350	350	96.29
chr2	59477103	59477454	chr3	1396857	1397208	351	351	95.44
chr2	59541256	59541607	chr3	1426036	1426386	351	350	95.43
chr2	59889355	59889705	chr3	1536420	1536769	350	349	95.13
chr2	59897331	59897662	chr3	1541939	1542270	331	331	95.17
chr2	59947597	59947947	chr3	1551539	1551888	350	349	95.13
chr2	59973386	59973714	chr3	1565712	1566040	328	328	95.12
chr2	60056115	60056466	chr3	1608377	1608727	351	350	95.14
chr2	60077323	60077630	chr3	1617654	1617961	307	307	95.11
chr2	60106653	60106975	chr3	1627493	1627815	322	322	95.03
chr2	60114230	60114554	chr3	1628933	1629258	324	325	95.06
chr2	60116747	60117094	chr3	1633344	1633689	347	345	95.07
chr2	60137978	60138328	chr3	1639705	1640054	350	349	97.13
chr2	60163196	60163545	chr3	1651411	1651761	349	350	95.42
chr2	60291935	60292284	chr3	1715803	1716153	349	350	96.56
chr2	60297591	60297942	chr3	1719177	1719524	351	347	95.10
chr2	60298160	60298511	chr3	1719742	1720089	351	347	96.25
chr2	60352962	60353313	chr3	1741526	1741877	351	351	96.30
chr2	60441532	60441883	chr3	1757704	1758054	351	350	95.14
chr2	60517164	60517515	chr3	1781147	1781498	351	351	95.16
chr2	60684518	60684828	chr3	1826372	1826681	310	309	95.15
chr2	60685090	60685416	chr3	1826968	1827291	326	323	95.36
chr2	60761956	60762305	chr3	1868740	1869090	349	350	95.42
