chr2	57968030	57968331	chr3	723322	723623	301	301	96.68
chr2	57972499	57972800	chr3	727526	727827	301	301	98.34
chr2	57986569	57986870	chr3	739656	739957	301	301	96.35
chr2	58096856	58097138	chr3	763559	763840	282	281	95.02
chr2	58105419	58105720	chr3	768586	768887	301	301	96.35
chr2	58113394	58113691	chr3	778355	778655	297	300	95.29
chr2	58118176	58118476	chr3	781896	782196	300	300	95.33
chr2	58125279	58125579	chr3	792475	792775	300	300	99.67
chr2	58146988	58147256	chr3	807854	808123	268	269	95.15
chr2	58186624	58186925	chr3	818634	818935	301	301	96.01
chr2	58350077	58350346	chr3	868121	868390	269	269	95.17
chr2	58351128	58351429	chr3	868891	869192	301	301	97.01
chr2	58367784	58368085	chr3	885369	885670	301	301	98.01
chr2	58421755	58422054	chr3	901219	901519	299	300	99.00
chr2	58696415	58696675	chr3	988299	988559	260	260	95.77
chr2	58749010	58749311	chr3	1008060	1008361	301	301	96.01
chr2	58749522	58749821	chr3	1008570	1008870	299	300	95.99
chr2	58770733	58771034	chr3	1021037	1021338	301	301	97.34
chr2	58796642	58796940	chr3	1033918	1034218	298	300	95.30
chr2	58810256	58810557	chr3	1049315	1049616	301	301	98.34
chr2	58871708	58872009	chr3	1082532	1082833	301	301	98.34
chr2	58882312	58882611	chr3	1094656	1094957	299	301	96.32
chr2	58891534	58891833	chr3	1101335	1101636	299	301	95.65
chr2	58948023	58948323	chr3	1127154	1127455	300	301	98.33
chr2	58949247	58949547	chr3	1128416	1128716	300	300	98.67
chr2	58976349	58976649	chr3	1136715	1137016	300	301	95.67
chr2	58993685	58993984	chr3	1147199	1147497	299	298	95.30
chr2	58994860	58995161	chr3	1148723	1149024	301	301	98.01
chr2	58996686	58996987	chr3	1150416	1150717	301	301	96.35
chr2	58997097	58997397	chr3	1150827	1151127	300	300	95.33
chr2	59039904	59040204	chr3	1172622	1172922	300	300	95.00
chr2	59066807	59067107	chr3	1182158	1182458	300	300	95.33
chr2	59080098	59080399	chr3	1196276	1196576	301	300	95.00
chr2	59108228	59108529	chr3	1205925	1206226	301	301	95.68
chr2	59133309	59133610	chr3	1217889	1218190	301	301	96.35
chr2	59136874	59137174	chr3	1223215	1223515	300	300	95.00
chr2	59140244	59140544	chr3	1226689	1226989	300	300	95.00
chr2	59141876	59142177	chr3	1228209	1228510	301	301	95.35
chr2	59144744	59145044	chr3	1230801	1231099	300	298	95.30
chr2	59155648	59155940	chr3	1238809	1239104	292	295	95.55
chr2	59163377	59163678	chr3	1247076	1247377	301	301	95.35
chr2	59183170	59183424	chr3	1253811	1254064	254	253	95.26
chr2	59199192	59199493	chr3	1261539	1261840	301	301	95.35
chr2	59199847	59200136	chr3	1262174	1262463	289	289	95.16
chr2	59202667	59202968	chr3	1264694	1264995	301	301	96.01
chr2	59203644	59203945	chr3	1265505	1265806	301	301	98.34
chr2	59253332	59253632	chr3	1295929	1296229	300	300	96.67
chr2	59274577	59274877	chr3	1303870	1304170	300	300	96.33
chr2	59304446	59304747	chr3	1319164	1319465	301	301	96.01
chr2	59305252	59305552	chr3	1319894	1320194	300	300	99.33
chr2	59305625	59305878	chr3	1320276	1320529	253	253	95.26
chr2	59429059	59429360	chr3	1376935	1377236	301	301	95.35
chr2	59477148	59477449	chr3	1396902	1397203	301	301	95.68
chr2	59541281	59541580	chr3	1426058	1426359	299	301	95.99
chr2	59662152	59662414	chr3	1462782	1463046	262	264	95.04
chr2	59889419	59889719	chr3	1536484	1536783	300	299	95.99
chr2	59897354	59897654	chr3	1541962	1542262	300	300	95.33
chr2	59947648	59947949	chr3	1551589	1551890	301	301	98.67
chr2	59973386	59973686	chr3	1565712	1566012	300	300	95.67
chr2	59998725	59998996	chr3	1576484	1576757	271	273	95.20
chr2	60018702	60018965	chr3	1588436	1588701	263	265	95.06
chr2	60047055	60047324	chr3	1606234	1606503	269	269	95.17
chr2	60056117	60056418	chr3	1608379	1608679	301	300	95.67
chr2	60077322	60077622	chr3	1617654	1617952	300	298	95.64
chr2	60077731	60077982	chr3	1618037	1618287	251	250	95.20
chr2	60106666	60106965	chr3	1627506	1627806	299	300	95.99
chr2	60114223	60114523	chr3	1628926	1629226	300	300	95.00
chr2	60116646	60116920	chr3	1633244	1633515	274	271	95.20
chr2	60121457	60121749	chr3	1634813	1635106	292	293	95.21
chr2	60137988	60138289	chr3	1639715	1640015	301	300	98.00
chr2	60151546	60151823	chr3	1648521	1648795	277	274	95.62
chr2	60163241	60163541	chr3	1651457	1651757	300	300	96.33
chr2	60174341	60174591	chr3	1658284	1658534	250	250	95.20
chr2	60224383	60224671	chr3	1689020	1689307	288	287	95.12
chr2	60292008	60292308	chr3	1715876	1716177	300	301	95.33
chr2	60297616	60297916	chr3	1719201	1719498	300	297	95.62
chr2	60298224	60298525	chr3	1719806	1720103	301	297	95.62
chr2	60352756	60353056	chr3	1741319	1741620	300	301	95.33
chr2	60353079	60353346	chr3	1741643	1741909	267	266	95.11
chr2	60441548	60441849	chr3	1757720	1758020	301	300	95.00
chr2	60517261	60517560	chr3	1781243	1781544	299	301	96.99
chr2	60684520	60684820	chr3	1826375	1826671	300	296	95.95
chr2	60685103	60685403	chr3	1826981	1827279	300	298	96.64
chr2	60760719	60760986	chr3	1867613	1867879	267	266	95.11
chr2	60762074	60762371	chr3	1868858	1869158	297	300	95.29
