chr2	57968076	57968327	chr3	723368	723619	251	251	96.81
chr2	57972534	57972785	chr3	727561	727812	251	251	98.80
chr2	57986593	57986844	chr3	739681	739931	251	250	97.20
chr2	58096863	58097113	chr3	763565	763815	250	250	95.60
chr2	58105319	58105570	chr3	768486	768737	251	251	95.62
chr2	58106060	58106262	chr3	769214	769416	202	202	95.05
chr2	58113379	58113629	chr3	778340	778590	250	250	96.40
chr2	58118179	58118429	chr3	781900	782149	250	249	95.18
chr2	58146989	58147239	chr3	807856	808106	250	250	95.20
chr2	58186628	58186879	chr3	818638	818889	251	251	96.41
chr2	58350104	58350346	chr3	868148	868390	242	242	95.04
chr2	58351126	58351376	chr3	868888	869138	250	250	97.20
chr2	58367798	58368049	chr3	885383	885634	251	251	98.01
chr2	58504370	58504592	chr3	925183	925404	222	221	95.48
chr2	58696425	58696675	chr3	988309	988559	250	250	95.60
chr2	58749001	58749249	chr3	1008051	1008299	248	248	95.16
chr2	58749505	58749756	chr3	1008553	1008804	251	251	96.41
chr2	58770744	58770995	chr3	1021048	1021299	251	251	98.41
chr2	58796685	58796936	chr3	1033961	1034210	251	249	95.18
chr2	58810238	58810488	chr3	1049298	1049547	250	249	97.59
chr2	58810929	58811138	chr3	1049992	1050204	209	212	95.22
chr2	58871769	58872020	chr3	1082593	1082844	251	251	98.41
chr2	58882336	58882587	chr3	1094682	1094933	251	251	96.81
chr2	58891457	58891708	chr3	1101259	1101509	251	250	96.40
chr2	58947979	58948229	chr3	1127111	1127361	250	250	95.20
chr2	58949078	58949329	chr3	1128247	1128498	251	251	95.62
chr2	58976400	58976650	chr3	1136766	1137017	250	251	95.20
chr2	58993734	58993984	chr3	1147249	1147497	250	248	95.97
chr2	58994696	58994946	chr3	1148562	1148809	250	247	95.14
chr2	58994966	58995194	chr3	1148829	1149057	228	228	95.18
chr2	58996668	58996918	chr3	1150398	1150648	250	250	95.20
chr2	58996945	58997196	chr3	1150675	1150926	251	251	99.20
chr2	59039914	59040165	chr3	1172632	1172883	251	251	95.22
chr2	59066827	59067077	chr3	1182178	1182428	250	250	96.00
chr2	59080118	59080369	chr3	1196295	1196546	251	251	95.62
chr2	59108232	59108481	chr3	1205929	1206179	249	250	97.19
chr2	59133327	59133578	chr3	1217907	1218158	251	251	96.41
chr2	59136888	59137139	chr3	1223230	1223480	251	250	95.60
chr2	59137156	59137395	chr3	1223497	1223735	239	238	95.38
chr2	59140244	59140485	chr3	1226689	1226931	241	242	95.02
chr2	59141782	59142033	chr3	1228115	1228366	251	251	95.22
chr2	59144748	59144998	chr3	1230804	1231053	250	249	95.18
chr2	59155693	59155940	chr3	1238854	1239104	247	250	95.14
chr2	59163425	59163676	chr3	1247124	1247375	251	251	97.21
chr2	59179364	59179608	chr3	1250277	1250521	244	244	95.08
chr2	59182189	59182413	chr3	1252851	1253075	224	224	95.09
chr2	59183150	59183388	chr3	1253791	1254028	238	237	95.36
chr2	59199390	59199641	chr3	1261737	1261988	251	251	97.21
chr2	59199854	59200104	chr3	1262181	1262430	250	249	95.58
chr2	59202669	59202920	chr3	1264696	1264947	251	251	96.02
chr2	59203691	59203942	chr3	1265552	1265803	251	251	98.41
chr2	59204919	59205159	chr3	1266733	1266976	240	243	95.00
chr2	59246346	59246568	chr3	1290743	1290965	222	222	95.05
chr2	59253356	59253607	chr3	1295953	1296204	251	251	97.61
chr2	59274563	59274814	chr3	1303856	1304107	251	251	95.22
chr2	59302401	59302609	chr3	1317151	1317360	208	209	95.19
chr2	59304408	59304659	chr3	1319126	1319377	251	251	96.41
chr2	59305621	59305855	chr3	1320273	1320506	234	233	95.28
chr2	59428985	59429235	chr3	1376863	1377111	250	248	95.16
chr2	59477103	59477354	chr3	1396857	1397108	251	251	95.62
chr2	59509640	59509842	chr3	1411394	1411597	202	203	95.05
chr2	59541403	59541653	chr3	1426182	1426432	250	250	95.20
chr2	59662154	59662403	chr3	1462785	1463035	249	250	95.18
chr2	59684206	59684454	chr3	1477973	1478219	248	246	95.53
chr2	59774325	59774562	chr3	1497816	1498052	237	236	95.34
chr2	59815607	59815834	chr3	1518055	1518282	227	227	95.15
chr2	59889354	59889605	chr3	1536419	1536670	251	251	95.22
chr2	59897325	59897576	chr3	1541933	1542184	251	251	95.62
chr2	59947673	59947924	chr3	1551614	1551865	251	251	98.41
chr2	59973393	59973644	chr3	1565719	1565970	251	251	95.62
chr2	59998699	59998947	chr3	1576458	1576708	248	250	95.16
chr2	60006414	60006626	chr3	1584727	1584938	212	211	95.26
chr2	60018180	60018400	chr3	1587918	1588138	220	220	95.00
chr2	60018702	60018949	chr3	1588436	1588686	247	250	95.14
chr2	60047077	60047324	chr3	1606256	1606503	247	247	95.14
chr2	60056168	60056419	chr3	1608429	1608680	251	251	96.81
chr2	60077312	60077563	chr3	1617643	1617894	251	251	95.22
chr2	60077731	60077981	chr3	1618037	1618286	250	249	95.18
chr2	60106722	60106972	chr3	1627562	1627813	250	251	96.40
chr2	60114224	60114474	chr3	1628927	1629177	250	250	95.60
chr2	60116649	60116900	chr3	1633246	1633496	251	250	96.40
chr2	60121515	60121764	chr3	1634871	1635121	249	250	95.18
chr2	60137896	60138145	chr3	1639622	1639872	249	250	95.58
chr2	60151537	60151788	chr3	1648512	1648762	251	250	95.60
chr2	60163227	60163477	chr3	1651442	1651693	250	251	96.00
chr2	60174341	60174591	chr3	1658284	1658534	250	250	95.20
chr2	60224462	60224713	chr3	1689098	1689349	251	251	95.62
chr2	60292046	60292295	chr3	1715914	1716164	249	250	95.98
chr2	60297640	60297890	chr3	1719225	1719471	250	246	95.53
chr2	60298234	60298484	chr3	1719816	1720063	250	247	95.55
chr2	60352941	60353192	chr3	1741505	1741756	251	251	95.62
chr2	60440514	60440742	chr3	1756702	1756930	228	228	95.18
chr2	60441765	60442016	chr3	1757936	1758187	251	251	99.20
chr2	60517302	60517553	chr3	1781285	1781536	251	251	98.01
chr2	60684502	60684752	chr3	1826359	1826607	250	248	95.16
chr2	60685161	60685411	chr3	1827036	1827287	250	251	95.60
chr2	60687524	60687724	chr3	1829440	1829640	200	200	95.00
chr2	60692020	60692266	chr3	1832916	1833162	246	246	95.12
chr2	60734106	60734307	chr3	1852683	1852885	201	202	95.02
chr2	60760719	60760967	chr3	1867613	1867860	248	247	95.14
chr2	60762081	60762331	chr3	1868865	1869116	250	251	95.20
chr2	60772247	60772495	chr3	1876833	1877082	248	249	95.56
chr2	60775620	60775845	chr3	1880019	1880245	225	226	95.11
