h_2.fa	57967000 - 60796000	g_3.fa	723000 - 1896000
CHR2		57968069	57968520	CHR3		723361	723812	17
CHR2		57986584	57986998	CHR3		739671	740082	18
CHR2		58105299	58105749	CHR3		768466	768914	22
CHR2		58113414	58113857	CHR3		778375	778821	22
CHR2		58125295	58125744	CHR3		792491	792942	10
CHR2		58186539	58186989	CHR3		818549	818999	20
CHR2		58351116	58351564	CHR3		868878	869327	22
CHR2		58367688	58368139	CHR3		885273	885724	18
CHR2		58749431	58749873	CHR3		1008479	1008922	22
CHR2		58770504	58770954	CHR3		1020808	1021258	5
CHR2		58796487	58796938	CHR3		1033766	1034215	22
CHR2		58858084	58858534	CHR3		1073141	1073590	12
CHR2		58860448	58860881	CHR3		1075309	1075745	21
CHR2		58882278	58882725	CHR3		1094622	1095072	22
CHR2		58891500	58891940	CHR3		1101301	1101743	22
CHR2		58949200	58949651	CHR3		1128369	1128820	10
CHR2		58976193	58976643	CHR3		1136560	1137011	15
CHR2		58994724	58995174	CHR3		1148588	1149037	13
CHR2		58996950	58997401	CHR3		1150680	1151131	16
CHR2		59066807	59067246	CHR3		1182158	1182597	21
CHR2		59108126	59108537	CHR3		1205825	1206234	20
CHR2		59136892	59137342	CHR3		1223233	1223682	18
CHR2		59144725	59145175	CHR3		1230783	1231230	22
CHR2		59163330	59163737	CHR3		1247029	1247439	20
CHR2		59199222	59199673	CHR3		1261569	1262020	16
CHR2		59202621	59203025	CHR3		1264648	1265050	20
CHR2		59203636	59204087	CHR3		1265497	1265948	12
CHR2		59253338	59253749	CHR3		1295935	1296344	20
CHR2		59304217	59304620	CHR3		1318936	1319338	20
CHR2		59305270	59305712	CHR3		1319912	1320363	20
CHR2		59477063	59477476	CHR3		1396817	1397232	20
CHR2		59541306	59541755	CHR3		1426085	1426535	17
CHR2		59889358	59889809	CHR3		1536423	1536873	22
CHR2		59947632	59948082	CHR3		1551573	1552023	7
CHR2		60056133	60056584	CHR3		1608394	1608845	20
CHR2		60116694	60117103	CHR3		1633291	1633699	20
CHR2		60137927	60138378	CHR3		1639653	1640102	22
CHR2		60291907	60292330	CHR3		1715775	1716199	21
CHR2		60297571	60298021	CHR3		1719157	1719603	22
CHR2		60298145	60298596	CHR3		1719727	1720174	17
CHR2		60352735	60353184	CHR3		1741298	1741748	20
CHR2		60441495	60441946	CHR3		1757667	1758117	21
CHR2		60761931	60762379	CHR3		1868715	1869165	22
