chr10	129964374	129964725	chr6	35387009	35387360	351	351	96.58
chr10	130112921	130113271	chr6	35451958	35452308	350	350	95.14
chr10	130279720	130280023	chr6	35524745	35525048	303	303	95.05
chr10	130335168	130335519	chr6	35554583	35554934	351	351	95.16
chr10	130337877	130338227	chr6	35557125	35557476	350	351	95.14
chr10	130367064	130367414	chr6	35575965	35576315	350	350	98.29
chr10	130493087	130493437	chr6	35626759	35627108	350	349	95.13
chr10	130507000	130507351	chr6	35631032	35631383	351	351	97.44
chr10	130507819	130508169	chr6	35631851	35632202	350	351	95.14
chr10	130519320	130519651	chr6	35641975	35642305	331	330	95.15
chr10	130520293	130520644	chr6	35643046	35643397	351	351	96.30
chr10	130534184	130534534	chr6	35653916	35654266	350	350	95.71
chr10	130600267	130600597	chr6	35685179	35685509	330	330	95.15
chr10	130758170	130758520	chr6	35755003	35755354	350	351	95.71
chr10	130790672	130791020	chr6	35777233	35777584	348	351	95.11
chr10	130830207	130830558	chr6	35797775	35798126	351	351	95.16
chr10	130831975	130832323	chr6	35799515	35799866	348	351	96.26
chr10	130832331	130832680	chr6	35799874	35800221	349	347	96.25
chr10	130842081	130842432	chr6	35806816	35807167	351	351	97.72
chr10	130861370	130861721	chr6	35819616	35819967	351	351	95.16
chr10	130966056	130966403	chr6	35864842	35865193	347	351	95.10
chr10	130996134	130996484	chr6	35872784	35873133	350	349	95.13
chr10	131020797	131021148	chr6	35884892	35885243	351	351	95.73
chr10	131106890	131107241	chr6	35913083	35913434	351	351	97.15
chr10	131107460	131107811	chr6	35913655	35914006	351	351	95.44
chr10	131107936	131108286	chr6	35914132	35914482	350	350	98.29
chr10	131121312	131121661	chr6	35918986	35919336	349	350	95.13
chr10	131165205	131165554	chr6	35936306	35936656	349	350	95.13
chr10	131188182	131188533	chr6	35941616	35941967	351	351	95.44
chr10	131193364	131193673	chr6	35946210	35946516	309	306	95.10
chr10	131242626	131242976	chr6	35974828	35975177	350	349	95.42
chr10	131365860	131366211	chr6	36030315	36030663	351	348	95.40
chr10	131369696	131370023	chr6	36033442	36033769	327	327	95.11
chr10	131401693	131402044	chr6	36054703	36055054	351	351	95.16
chr10	131404202	131404513	chr6	36057130	36057442	311	312	95.18
chr10	131405975	131406326	chr6	36059049	36059400	351	351	95.73
chr10	131445982	131446333	chr6	36079528	36079879	351	351	96.58
chr10	131446545	131446895	chr6	36080091	36080438	350	347	95.10
chr10	131496898	131497228	chr6	36096995	36097326	330	331	95.15
chr10	131514990	131515341	chr6	36110620	36110971	351	351	95.16
chr10	131515413	131515763	chr6	36111043	36111394	350	351	96.00
chr10	131556045	131556395	chr6	36123057	36123404	350	347	97.41
chr10	131590370	131590721	chr6	36147971	36148322	351	351	96.30
chr10	131635296	131635641	chr6	36159967	36160318	345	351	95.07
chr10	131641769	131642119	chr6	36170043	36170393	350	350	96.29
chr10	131642869	131643220	chr6	36171267	36171618	351	351	95.44
chr10	131643870	131644218	chr6	36172270	36172620	348	350	95.11
chr10	131644766	131645097	chr6	36173130	36173461	331	331	95.17
chr10	131646038	131646379	chr6	36174657	36174999	341	342	95.01
chr10	131647096	131647429	chr6	36175737	36176072	333	335	95.20
chr10	131647938	131648283	chr6	36176606	36176951	345	345	95.07
chr10	131649265	131649615	chr6	36178003	36178353	350	350	95.43
chr10	131649988	131650336	chr6	36178709	36179059	348	350	95.40
chr10	131651900	131652251	chr6	36180614	36180965	351	351	95.16
chr10	131658911	131659259	chr6	36186139	36186489	348	350	95.40
chr10	131666393	131666743	chr6	36192128	36192476	350	348	95.11
chr10	131667905	131668255	chr6	36193623	36193972	350	349	95.13
chr10	131669136	131669460	chr6	36194860	36195187	324	327	95.06
chr10	131680583	131680934	chr6	36206764	36207115	351	351	96.87
chr10	131685559	131685910	chr6	36211568	36211919	351	351	96.01
chr10	131689225	131689576	chr6	36215358	36215709	351	351	97.44
chr10	131691323	131691674	chr6	36217485	36217836	351	351	98.01
chr10	131693984	131694334	chr6	36220393	36220743	350	350	95.14
chr10	131704300	131704650	chr6	36234800	36235150	350	350	96.00
chr10	131705882	131706231	chr6	36236318	36236669	349	351	95.13
chr10	131706276	131706626	chr6	36236714	36237063	350	349	95.13
chr10	131710888	131711234	chr6	36239777	36240127	346	350	95.66
chr10	131742939	131743289	chr6	36257420	36257770	350	350	96.86
chr10	131750681	131751032	chr6	36263827	36264178	351	351	95.44
chr10	131756033	131756384	chr6	36269712	36270063	351	351	98.29
chr10	131768261	131768603	chr6	36273637	36273979	342	342	95.03
chr10	131957783	131958088	chr6	36323955	36324260	305	305	95.08
