chr10	129964246	129964747	chr6	35386882	35387382	501	500	95.80
chr10	130335045	130335510	chr6	35554453	35554925	465	472	95.05
chr10	130367054	130367516	chr6	35575955	35576420	462	465	95.02
chr10	130493175	130493676	chr6	35626846	35627347	501	501	96.61
chr10	130506960	130507460	chr6	35630992	35631491	500	499	97.19
chr10	130520090	130520590	chr6	35642844	35643343	500	499	95.19
chr10	130790546	130791016	chr6	35777105	35777580	470	475	95.11
chr10	130831768	130832268	chr6	35799308	35799808	500	500	97.40
chr10	130832318	130832817	chr6	35799862	35800358	499	496	95.36
chr10	130841934	130842435	chr6	35806669	35807170	501	501	97.60
chr10	130861327	130861806	chr6	35819573	35820052	479	479	95.20
chr10	130965959	130966443	chr6	35864745	35865233	484	488	95.04
chr10	130996141	130996638	chr6	35872791	35873291	497	500	95.17
chr10	131106872	131107371	chr6	35913065	35913566	499	501	95.19
chr10	131107825	131108323	chr6	35914021	35914522	498	501	95.78
chr10	131165048	131165546	chr6	35936148	35936648	498	500	95.18
chr10	131188123	131188594	chr6	35941558	35942028	471	470	95.11
chr10	131242626	131243083	chr6	35974828	35975284	457	456	95.18
chr10	131401460	131401961	chr6	36054470	36054971	501	501	97.41
chr10	131445910	131446411	chr6	36079457	36079957	501	500	96.20
chr10	131515000	131515501	chr6	36110630	36111131	501	501	96.61
chr10	131590432	131590932	chr6	36148033	36148533	500	500	95.40
chr10	131635184	131635637	chr6	36159854	36160313	453	459	95.14
chr10	131643549	131644049	chr6	36171949	36172450	500	501	99.00
chr10	131651855	131652327	chr6	36180569	36181041	472	472	95.13
chr10	131680369	131680870	chr6	36206550	36207051	501	501	97.60
chr10	131685533	131686032	chr6	36211541	36212041	499	500	96.79
chr10	131689145	131689644	chr6	36215276	36215776	499	500	96.79
chr10	131691280	131691780	chr6	36217441	36217942	500	501	95.00
chr10	131704174	131704647	chr6	36234673	36235147	473	474	95.14
chr10	131750669	131751170	chr6	36263815	36264316	501	501	96.01
chr10	131755876	131756377	chr6	36269555	36270056	501	501	97.80
