h_10.fa	129964000 - 131959000	g_6.fa	35386000 - 36325000
CHR10		129964339	129964740	CHR6		35386974	35387375	14
CHR10		130112935	130113336	CHR6		35451972	35452373	16
CHR10		130335012	130335405	CHR6		35554420	35554820	19
CHR10		130337868	130338236	CHR6		35557116	35557484	18
CHR10		130367087	130367488	CHR6		35575988	35576389	15
CHR10		130493116	130493517	CHR6		35626786	35627187	13
CHR10		130506939	130507338	CHR6		35630970	35631370	18
CHR10		130507768	130508165	CHR6		35631800	35632197	19
CHR10		130520246	130520645	CHR6		35642998	35643398	19
CHR10		130534171	130534561	CHR6		35653903	35654293	19
CHR10		130758149	130758544	CHR6		35754982	35755377	19
CHR10		130790576	130790977	CHR6		35777137	35777537	16
CHR10		130830201	130830574	CHR6		35797769	35798142	18
CHR10		130831646	130832046	CHR6		35799186	35799587	15
CHR10		130832323	130832724	CHR6		35799868	35800265	19
CHR10		130842035	130842436	CHR6		35806770	35807171	9
CHR10		130861413	130861814	CHR6		35819659	35820060	18
CHR10		130966014	130966410	CHR6		35864800	35865200	19
CHR10		130996134	130996533	CHR6		35872784	35873182	19
CHR10		131020812	131021197	CHR6		35884906	35885292	19
CHR10		131106819	131107220	CHR6		35913012	35913413	6
CHR10		131107632	131108032	CHR6		35913827	35914228	13
CHR10		131121275	131121651	CHR6		35918947	35919326	18
CHR10		131165164	131165564	CHR6		35936265	35936666	19
CHR10		131188120	131188521	CHR6		35941555	35941955	19
CHR10		131242620	131243021	CHR6		35974822	35975222	20
CHR10		131365868	131366251	CHR6		36030320	36030704	19
CHR10		131401321	131401722	CHR6		36054332	36054732	20
CHR10		131405974	131406374	CHR6		36059048	36059448	18
CHR10		131445908	131446309	CHR6		36079455	36079855	20
CHR10		131446497	131446897	CHR6		36080043	36080440	18
CHR10		131515026	131515427	CHR6		36110656	36111057	14
CHR10		131515439	131515840	CHR6		36111069	36111470	16
CHR10		131556022	131556419	CHR6		36123033	36123427	19
CHR10		131590474	131590875	CHR6		36148076	36148476	15
CHR10		131635252	131635645	CHR6		36159923	36160323	19
CHR10		131641784	131642171	CHR6		36170058	36170447	19
CHR10		131642974	131643374	CHR6		36171372	36171773	9
CHR10		131643808	131644205	CHR6		36172208	36172608	10
CHR10		131649256	131649619	CHR6		36177993	36178357	18
CHR10		131649971	131650360	CHR6		36178692	36179083	19
CHR10		131651928	131652328	CHR6		36180642	36181041	13
CHR10		131658886	131659283	CHR6		36186114	36186513	19
CHR10		131666397	131666769	CHR6		36192132	36192502	18
CHR10		131667910	131668310	CHR6		36193627	36194023	18
CHR10		131680589	131680990	CHR6		36206770	36207171	11
CHR10		131685631	131686032	CHR6		36211640	36212041	10
CHR10		131689200	131689600	CHR6		36215333	36215733	11
CHR10		131691582	131691979	CHR6		36217744	36218144	14
CHR10		131694022	131694421	CHR6		36220432	36220831	10
CHR10		131704261	131704661	CHR6		36234761	36235161	20
CHR10		131705867	131706241	CHR6		36236303	36236679	18
CHR10		131706284	131706684	CHR6		36236722	36237121	17
CHR10		131710886	131711269	CHR6		36239775	36240162	19
CHR10		131742929	131743300	CHR6		36257408	36257781	18
CHR10		131750592	131750993	CHR6		36263738	36264139	18
CHR10		131756085	131756486	CHR6		36269764	36270165	9
