chr10	129964505	129964806	chr6	35387140	35387441	301	301	96.35
chr10	130085536	130085805	chr6	35438976	35439245	269	269	95.17
chr10	130112936	130113236	chr6	35451973	35452272	300	299	95.99
chr10	130274655	130274948	chr6	35521113	35521407	293	294	95.22
chr10	130279739	130280023	chr6	35524764	35525048	284	284	95.42
chr10	130335095	130335396	chr6	35554511	35554811	301	300	95.00
chr10	130336213	130336475	chr6	35555698	35555960	262	262	95.04
chr10	130337903	130338203	chr6	35557151	35557451	300	300	97.67
chr10	130367074	130367374	chr6	35575975	35576275	300	300	98.67
chr10	130367556	130367849	chr6	35576454	35576746	293	292	95.21
chr10	130493095	130493395	chr6	35626766	35627066	300	300	95.33
chr10	130493989	130494250	chr6	35627683	35627944	261	261	95.02
chr10	130506977	130507278	chr6	35631009	35631310	301	301	97.01
chr10	130507316	130507615	chr6	35631348	35631646	299	298	96.64
chr10	130507823	130508124	chr6	35631855	35632156	301	301	95.35
chr10	130519320	130519620	chr6	35641975	35642274	300	299	95.32
chr10	130520346	130520647	chr6	35643099	35643400	301	301	96.35
chr10	130534251	130534552	chr6	35653983	35654284	301	301	96.01
chr10	130600252	130600551	chr6	35685164	35685463	299	299	95.32
chr10	130671571	130671838	chr6	35716512	35716780	267	268	95.13
chr10	130758138	130758439	chr6	35754972	35755272	301	300	97.00
chr10	130780006	130780276	chr6	35771629	35771899	270	270	95.19
chr10	130790563	130790864	chr6	35777123	35777424	301	301	95.68
chr10	130830219	130830519	chr6	35797787	35798087	300	300	95.33
chr10	130831667	130831968	chr6	35799207	35799508	301	301	96.01
chr10	130831979	130832278	chr6	35799519	35799819	299	300	96.66
chr10	130832416	130832716	chr6	35799959	35800257	300	298	97.65
chr10	130841990	130842290	chr6	35806725	35807025	300	300	96.67
chr10	130861410	130861711	chr6	35819656	35819957	301	301	96.68
chr10	130865403	130865664	chr6	35823013	35823275	261	262	95.02
chr10	130939485	130939766	chr6	35851512	35851793	281	281	95.02
chr10	130966101	130966401	chr6	35864893	35865192	300	299	96.66
chr10	130996357	130996655	chr6	35873007	35873308	298	301	95.30
chr10	131020887	131021188	chr6	35884982	35885283	301	301	95.35
chr10	131106816	131107117	chr6	35913009	35913310	301	301	98.34
chr10	131107461	131107762	chr6	35913656	35913957	301	301	95.35
chr10	131121320	131121619	chr6	35918994	35919294	299	300	96.32
chr10	131165256	131165556	chr6	35936357	35936658	300	301	95.67
chr10	131188187	131188487	chr6	35941621	35941922	300	301	95.33
chr10	131193393	131193689	chr6	35946235	35946532	296	297	95.27
chr10	131216056	131216342	chr6	35956097	35956384	286	287	95.10
chr10	131242665	131242966	chr6	35974867	35975167	301	300	95.00
chr10	131365859	131366159	chr6	36030315	36030612	300	297	95.29
chr10	131369727	131370027	chr6	36033473	36033773	300	300	95.00
chr10	131401325	131401626	chr6	36054335	36054636	301	301	95.35
chr10	131404202	131404497	chr6	36057130	36057426	295	296	95.25
chr10	131405979	131406280	chr6	36059053	36059354	301	301	95.68
chr10	131445993	131446294	chr6	36079540	36079840	301	300	96.00
chr10	131446590	131446890	chr6	36080136	36080434	300	298	95.30
chr10	131496895	131497196	chr6	36096992	36097293	301	301	95.68
chr10	131515108	131515409	chr6	36110738	36111039	301	301	96.35
chr10	131515438	131515738	chr6	36111068	36111369	300	301	95.33
chr10	131556037	131556338	chr6	36123049	36123349	301	300	97.33
chr10	131590351	131590652	chr6	36147953	36148253	301	300	95.00
chr10	131632008	131632283	chr6	36156453	36156726	275	273	95.60
chr10	131635339	131635635	chr6	36160010	36160310	296	300	95.27
chr10	131641882	131642180	chr6	36170156	36170456	298	300	95.30
chr10	131642887	131643188	chr6	36171285	36171586	301	301	95.68
chr10	131643547	131643848	chr6	36171947	36172248	301	301	99.00
chr10	131643917	131644214	chr6	36172317	36172617	297	300	95.29
chr10	131644759	131645059	chr6	36173126	36173424	300	298	95.30
chr10	131645976	131646277	chr6	36174595	36174896	301	301	95.35
chr10	131647087	131647387	chr6	36175728	36176028	300	300	95.33
chr10	131647966	131648267	chr6	36176634	36176935	301	301	95.68
chr10	131649316	131649617	chr6	36178054	36178355	301	301	95.68
chr10	131650041	131650339	chr6	36178762	36179062	298	300	95.30
chr10	131651583	131651839	chr6	36180298	36180554	256	256	95.31
chr10	131652002	131652303	chr6	36180716	36181017	301	301	97.34
chr10	131652799	131653097	chr6	36181510	36181809	298	299	95.30
chr10	131658999	131659297	chr6	36186227	36186527	298	300	95.30
chr10	131661285	131661570	chr6	36188537	36188824	285	287	95.09
chr10	131666428	131666728	chr6	36192163	36192461	300	298	95.30
chr10	131667964	131668264	chr6	36193681	36193981	300	300	96.67
chr10	131669151	131669450	chr6	36194875	36195176	299	301	95.65
chr10	131680580	131680881	chr6	36206761	36207062	301	301	97.67
chr10	131683851	131684113	chr6	36209907	36210170	262	263	95.04
chr10	131685572	131685873	chr6	36211581	36211882	301	301	95.68
chr10	131689219	131689520	chr6	36215352	36215653	301	301	98.67
chr10	131689529	131689794	chr6	36215662	36215926	265	264	95.08
chr10	131691347	131691648	chr6	36217509	36217810	301	301	98.34
chr10	131694124	131694423	chr6	36220533	36220833	299	300	98.66
chr10	131696236	131696525	chr6	36225003	36225293	289	290	95.16
chr10	131699788	131700079	chr6	36229935	36230226	291	291	95.53
chr10	131704175	131704475	chr6	36234675	36234975	300	300	95.00
chr10	131705913	131706212	chr6	36236349	36236650	299	301	95.32
chr10	131706286	131706586	chr6	36236724	36237023	300	299	95.32
chr10	131710971	131711267	chr6	36239861	36240161	296	300	95.27
chr10	131743009	131743309	chr6	36257490	36257791	300	301	95.00
chr10	131750661	131750962	chr6	36263807	36264108	301	301	95.35
chr10	131755870	131756171	chr6	36269549	36269850	301	301	97.01
chr10	131756226	131756527	chr6	36269905	36270206	301	301	95.35
chr10	131768299	131768600	chr6	36273675	36273976	301	301	95.35
chr10	131957785	131958085	chr6	36323957	36324257	300	300	95.33
