h_10.fa	129964000 - 131959000	g_6.fa	35386000 - 36325000
CHR10		129964530	129964781	CHR6		35387165	35387416	11
CHR10		130085491	130085728	CHR6		35438930	35439168	11
CHR10		130112932	130113182	CHR6		35451969	35452218	8
CHR10		130274677	130274926	CHR6		35521135	35521385	12
CHR10		130279377	130279604	CHR6		35524400	35524626	11
CHR10		130279720	130279963	CHR6		35524745	35524988	12
CHR10		130335172	130335422	CHR6		35554587	35554837	5
CHR10		130335614	130335839	CHR6		35555054	35555285	11
CHR10		130336217	130336465	CHR6		35555702	35555950	10
CHR10		130337872	130338122	CHR6		35557120	35557370	10
CHR10		130339040	130339272	CHR6		35559209	35559441	11
CHR10		130354995	130355197	CHR6		35568573	35568775	10
CHR10		130367038	130367288	CHR6		35575941	35576189	11
CHR10		130367563	130367814	CHR6		35576461	35576712	6
CHR10		130493112	130493363	CHR6		35626783	35627034	12
CHR10		130493428	130493678	CHR6		35627099	35627348	12
CHR10		130493989	130494239	CHR6		35627683	35627933	12
CHR10		130507024	130507274	CHR6		35631056	35631306	6
CHR10		130507290	130507540	CHR6		35631322	35631571	7
CHR10		130507888	130508138	CHR6		35631920	35632170	9
CHR10		130519317	130519567	CHR6		35641972	35642221	12
CHR10		130520393	130520644	CHR6		35643146	35643397	6
CHR10		130534263	130534513	CHR6		35653995	35654245	9
CHR10		130540302	130540533	CHR6		35657111	35657342	11
CHR10		130600250	130600500	CHR6		35685162	35685412	12
CHR10		130653465	130653670	CHR6		35709318	35709523	10
CHR10		130671581	130671830	CHR6		35716522	35716772	9
CHR10		130672324	130672531	CHR6		35717391	35717598	10
CHR10		130758123	130758373	CHR6		35754959	35755206	9
CHR10		130780031	130780281	CHR6		35771654	35771904	8
CHR10		130790543	130790793	CHR6		35777102	35777353	11
CHR10		130790811	130791016	CHR6		35777371	35777580	10
CHR10		130826116	130826359	CHR6		35794388	35794630	12
CHR10		130830224	130830475	CHR6		35797792	35798043	12
CHR10		130831947	130832197	CHR6		35799487	35799738	5
CHR10		130832378	130832628	CHR6		35799921	35800169	12
CHR10		130842046	130842297	CHR6		35806781	35807032	8
CHR10		130861379	130861630	CHR6		35819625	35819876	6
CHR10		130865436	130865672	CHR6		35823047	35823283	11
CHR10		130889845	130890055	CHR6		35828811	35829021	10
CHR10		130920218	130920434	CHR6		35843482	35843699	10
CHR10		130966149	130966399	CHR6		35864940	35865190	6
CHR10		130996225	130996475	CHR6		35872875	35873124	12
CHR10		131020786	131021037	CHR6		35884881	35885132	11
CHR10		131106817	131107068	CHR6		35913010	35913261	4
CHR10		131107483	131107734	CHR6		35913678	35913929	12
CHR10		131107942	131108258	CHR6		35914138	35914454	0
CHR10		131121302	131121552	CHR6		35918976	35919227	12
CHR10		131127018	131127224	CHR6		35921995	35922202	10
CHR10		131165236	131165486	CHR6		35936337	35936588	9
CHR10		131188230	131188480	CHR6		35941665	35941915	12
CHR10		131193405	131193654	CHR6		35946247	35946497	11
CHR10		131216085	131216335	CHR6		35956126	35956377	12
CHR10		131242669	131242919	CHR6		35974871	35975120	12
CHR10		131365860	131366111	CHR6		36030315	36030564	12
CHR10		131369465	131369679	CHR6		36033210	36033425	10
CHR10		131369733	131369984	CHR6		36033479	36033730	11
CHR10		131401389	131401640	CHR6		36054399	36054650	12
CHR10		131401641	131401892	CHR6		36054651	36054902	0
CHR10		131404220	131404469	CHR6		36057148	36057398	12
CHR10		131405970	131406221	CHR6		36059044	36059295	10
CHR10		131446282	131446638	CHR6		36079828	36080184	0
CHR10		131446639	131446887	CHR6		36080185	36080432	12
CHR10		131496893	131497144	CHR6		36096990	36097241	8
CHR10		131515015	131515266	CHR6		36110645	36110896	10
CHR10		131515399	131515649	CHR6		36111029	36111279	8
CHR10		131515649	131515899	CHR6		36111279	36111527	11
CHR10		131556019	131556270	CHR6		36123030	36123281	12
CHR10		131590368	131590619	CHR6		36147969	36148220	12
CHR10		131632021	131632270	CHR6		36156464	36156715	10
CHR10		131635364	131635611	CHR6		36160036	36160286	11
CHR10		131641790	131642041	CHR6		36170064	36170315	9
CHR10		131642912	131643163	CHR6		36171310	36171561	12
CHR10		131643434	131643684	CHR6		36171833	36172084	7
CHR10		131643719	131643970	CHR6		36172119	36172370	3
CHR10		131644761	131645011	CHR6		36173126	36173375	12
CHR10		131646019	131646270	CHR6		36174638	36174889	10
CHR10		131647136	131647387	CHR6		36175777	36176028	11
CHR10		131647918	131648168	CHR6		36176586	36176836	11
CHR10		131649281	131649531	CHR6		36178019	36178269	2
CHR10		131650079	131650328	CHR6		36178800	36179051	8
CHR10		131651588	131651837	CHR6		36180303	36180553	11
CHR10		131651915	131652166	CHR6		36180630	36180880	7
CHR10		131652855	131653106	CHR6		36181567	36181818	11
CHR10		131659052	131659302	CHR6		36186281	36186532	12
CHR10		131661263	131661499	CHR6		36188515	36188753	11
CHR10		131666392	131666642	CHR6		36192127	36192377	12
CHR10		131667962	131668213	CHR6		36193679	36193930	9
CHR10		131669162	131669411	CHR6		36194886	36195137	10
CHR10		131680351	131680592	CHR6		36206532	36206773	12
CHR10		131680593	131680842	CHR6		36206774	36207023	3
CHR10		131682506	131682720	CHR6		36208549	36208764	10
CHR10		131683851	131684100	CHR6		36209907	36210157	11
CHR10		131684512	131684732	CHR6		36210530	36210752	11
CHR10		131685563	131685814	CHR6		36211572	36211823	11
CHR10		131686916	131687153	CHR6		36213043	36213280	11
CHR10		131689072	131689320	CHR6		36215203	36215453	11
CHR10		131689524	131689774	CHR6		36215657	36215906	12
CHR10		131691600	131691905	CHR6		36217762	36218067	0
CHR10		131694148	131694408	CHR6		36220557	36220817	0
CHR10		131696240	131696491	CHR6		36225007	36225258	12
CHR10		131696836	131697082	CHR6		36225650	36225896	12
CHR10		131699827	131700076	CHR6		36229974	36230224	10
CHR10		131704287	131704537	CHR6		36234787	36235037	8
CHR10		131705842	131706092	CHR6		36236278	36236528	12
CHR10		131706379	131706629	CHR6		36236817	36237066	12
CHR10		131710909	131711158	CHR6		36239799	36240049	7
CHR10		131743051	131743301	CHR6		36257532	36257781	12
CHR10		131743657	131743863	CHR6		36257931	36258137	10
CHR10		131745483	131745710	CHR6		36259846	36260075	11
CHR10		131750639	131750890	CHR6		36263785	36264036	11
CHR10		131750944	131751194	CHR6		36264090	36264340	9
CHR10		131754328	131754543	CHR6		36268168	36268383	10
CHR10		131755879	131756130	CHR6		36269558	36269809	9
CHR10		131756255	131756505	CHR6		36269934	36270184	11
CHR10		131768339	131768590	CHR6		36273715	36273966	12
