chr10	129964325	129964776	chr6	35386960	35387411	451	451	96.90
chr10	130112919	130113351	chr6	35451956	35452388	432	432	95.14
chr10	130335045	130335488	chr6	35554453	35554903	443	450	95.03
chr10	130367059	130367509	chr6	35575960	35576410	450	450	95.11
chr10	130493092	130493542	chr6	35626763	35627212	450	449	96.21
chr10	130507007	130507458	chr6	35631039	35631489	451	450	97.78
chr10	130520186	130520636	chr6	35642938	35643389	450	451	95.78
chr10	130790583	130791030	chr6	35777144	35777594	447	450	95.08
chr10	130832273	130832723	chr6	35799814	35800264	450	450	95.11
chr10	130842026	130842477	chr6	35806761	35807212	451	451	97.12
chr10	130861327	130861777	chr6	35819573	35820023	450	450	95.11
chr10	130965969	130966415	chr6	35864755	35865205	446	450	95.07
chr10	130996225	130996646	chr6	35872875	35873299	421	424	95.01
chr10	131106827	131107277	chr6	35913020	35913471	450	451	96.67
chr10	131107669	131108119	chr6	35913864	35914315	450	451	97.33
chr10	131165060	131165509	chr6	35936160	35936611	449	451	95.10
chr10	131188153	131188597	chr6	35941587	35942030	444	443	95.03
chr10	131242629	131243079	chr6	35974831	35975280	450	449	95.77
chr10	131401456	131401906	chr6	36054466	36054916	450	450	97.33
chr10	131405919	131406366	chr6	36058994	36059440	447	446	95.07
chr10	131445985	131446436	chr6	36079531	36079982	451	451	97.34
chr10	131446455	131446905	chr6	36080001	36080449	450	448	95.09
chr10	131514976	131515427	chr6	36110606	36111057	451	451	95.12
chr10	131515429	131515879	chr6	36111059	36111507	450	448	95.98
chr10	131556036	131556466	chr6	36123048	36123474	430	426	95.07
chr10	131590363	131590814	chr6	36147964	36148415	451	451	96.23
chr10	131635196	131635641	chr6	36159868	36160318	445	450	95.51
chr10	131643809	131644260	chr6	36172209	36172655	451	446	95.52
chr10	131649971	131650377	chr6	36178692	36179100	406	408	95.07
chr10	131651855	131652305	chr6	36180569	36181019	450	450	95.11
chr10	131658886	131659291	chr6	36186114	36186521	405	407	95.06
chr10	131667910	131668311	chr6	36193627	36194023	401	396	95.20
chr10	131680360	131680811	chr6	36206542	36206992	451	450	97.11
chr10	131685497	131685947	chr6	36211505	36211956	450	451	96.22
chr10	131689221	131689672	chr6	36215354	36215804	451	450	96.67
chr10	131691556	131692002	chr6	36217718	36218169	446	451	95.07
chr10	131693997	131694432	chr6	36220403	36220840	435	437	95.40
chr10	131704172	131704621	chr6	36234671	36235121	449	450	95.10
chr10	131706286	131706703	chr6	36236724	36237140	417	416	95.19
chr10	131750665	131751116	chr6	36263811	36264262	451	451	95.79
chr10	131755885	131756336	chr6	36269564	36270015	451	451	98.00
