h_19.fa	30374000 - 32760000	g_11.fa	9132000 - 10409000
CHR19		30379771	30380271	CHR11		9137380	9137878	11
CHR19		30494689	30495190	CHR11		9189984	9190484	4
CHR19		30566043	30566544	CHR11		9232956	9233457	20
CHR19		30645233	30645734	CHR11		9283371	9283872	14
CHR19		30747690	30748190	CHR11		9343050	9343551	25
CHR19		30767715	30768213	CHR11		9358515	9359015	23
CHR19		30831892	30832348	CHR11		9412542	9412992	22
CHR19		30841176	30841677	CHR11		9417730	9418231	19
CHR19		30841846	30842347	CHR11		9418400	9418900	19
CHR19		30842539	30843040	CHR11		9419092	9419593	23
CHR19		30892753	30893254	CHR11		9454323	9454823	13
CHR19		31003416	31003916	CHR11		9502481	9502976	24
CHR19		31563347	31563803	CHR11		9785233	9785688	22
CHR19		31587342	31587843	CHR11		9795478	9795979	22
CHR19		31636664	31637165	CHR11		9829407	9829907	25
CHR19		31749899	31750351	CHR11		9882177	9882629	22
CHR19		31798541	31799042	CHR11		9922959	9923460	23
CHR19		31808895	31809395	CHR11		9931297	9931798	20
CHR19		31915606	31916087	CHR11		10014231	10014712	24
CHR19		32124844	32125344	CHR11		10106763	10107261	24
CHR19		32208960	32209455	CHR11		10143707	10144201	24
CHR19		32526676	32527176	CHR11		10288660	10289160	25
CHR19		32529359	32529860	CHR11		10291475	10291976	24
CHR19		32661822	32662321	CHR11		10363452	10363952	16
