chr19	30379759	30380159	chr11	9137368	9137766	400	398	97.74
chr19	30540094	30540494	chr11	9217247	9217647	400	400	95.00
chr19	30566063	30566464	chr11	9232976	9233377	401	401	96.51
chr19	30574847	30575246	chr11	9237183	9237581	399	398	96.98
chr19	30601896	30602245	chr11	9259489	9259839	349	350	95.13
chr19	30645231	30645631	chr11	9283369	9283769	400	400	98.75
chr19	30744972	30745341	chr11	9339647	9340016	369	369	95.12
chr19	30747859	30748260	chr11	9343220	9343621	401	401	97.51
chr19	30757789	30758189	chr11	9351682	9352082	400	400	98.25
chr19	30761255	30761654	chr11	9355156	9355556	399	400	95.49
chr19	30767234	30767634	chr11	9358034	9358434	400	400	95.00
chr19	30767817	30768217	chr11	9358620	9359021	400	401	95.00
chr19	30775782	30776151	chr11	9366068	9366436	369	368	95.65
chr19	30831892	30832291	chr11	9412542	9412940	399	398	95.23
chr19	30841224	30841625	chr11	9417778	9418179	401	401	96.51
chr19	30842113	30842514	chr11	9418666	9419067	401	401	96.76
chr19	30842560	30842960	chr11	9419113	9419513	400	400	95.00
chr19	30842965	30843317	chr11	9419518	9419867	352	349	95.13
chr19	30851690	30852090	chr11	9425859	9426258	400	399	95.99
chr19	30861872	30862272	chr11	9434653	9435053	400	400	98.25
chr19	30892776	30893176	chr11	9454346	9454747	400	401	98.25
chr19	31003069	31003469	chr11	9502125	9502526	400	401	95.00
chr19	31003476	31003877	chr11	9502541	9502937	401	396	97.73
chr19	31032493	31032889	chr11	9522454	9522854	396	400	95.20
chr19	31068526	31068925	chr11	9547824	9548224	399	400	95.24
chr19	31142898	31143260	chr11	9591560	9591921	362	361	95.01
chr19	31204096	31204494	chr11	9640561	9640957	398	396	95.45
chr19	31232575	31232959	chr11	9654596	9654982	384	386	95.05
chr19	31308666	31309066	chr11	9686252	9686652	400	400	95.00
chr19	31339596	31339981	chr11	9699549	9699930	385	381	95.01
chr19	31365632	31366032	chr11	9714532	9714933	400	401	95.50
chr19	31398327	31398692	chr11	9724418	9724783	365	365	95.07
chr19	31557254	31557605	chr11	9781821	9782172	351	351	95.16
chr19	31561894	31562271	chr11	9783891	9784269	377	378	95.23
chr19	31563372	31563773	chr11	9785258	9785658	401	400	96.25
chr19	31587562	31587951	chr11	9795698	9796099	389	401	95.12
chr19	31636704	31637104	chr11	9829446	9829846	400	400	95.25
chr19	31656667	31657055	chr11	9840249	9840638	388	389	95.10
chr19	31749943	31750344	chr11	9882221	9882622	401	401	97.01
chr19	31752839	31753193	chr11	9889501	9889855	354	354	95.20
chr19	31765767	31766168	chr11	9901494	9901895	401	401	95.26
chr19	31795614	31796015	chr11	9920462	9920863	401	401	95.76
chr19	31798644	31799045	chr11	9923062	9923463	401	401	96.26
chr19	31806485	31806885	chr11	9928899	9929295	400	396	96.21
chr19	31808944	31809345	chr11	9931346	9931747	401	401	97.76
chr19	31827938	31828321	chr11	9951094	9951475	383	381	95.01
chr19	31830887	31831273	chr11	9953822	9954214	386	392	95.08
chr19	31837166	31837562	chr11	9959972	9960372	396	400	95.20
chr19	31915632	31916033	chr11	10014257	10014658	401	401	96.51
chr19	31998883	31999283	chr11	10030833	10031232	400	399	94.99
chr19	32084498	32084889	chr11	10080198	10080589	391	391	95.14
chr19	32124855	32125256	chr11	10106773	10107173	401	400	95.00
chr19	32209040	32209440	chr11	10143785	10144184	400	399	98.50
chr19	32434598	32434997	chr11	10230493	10230893	399	400	95.49
chr19	32452939	32453340	chr11	10246438	10246839	401	401	97.51
chr19	32471513	32471913	chr11	10260065	10260464	400	399	95.99
chr19	32526706	32527107	chr11	10288690	10289091	401	401	95.76
chr19	32529458	32529859	chr11	10291574	10291975	401	401	96.51
chr19	32661829	32662229	chr11	10363459	10363860	400	401	96.75
chr19	32712350	32712751	chr11	10389680	10390081	401	401	96.01
