chr19	30379770	30380020	chr11	9137379	9137629	250	250	98.40
chr19	30380083	30380333	chr11	9137692	9137940	250	248	95.56
chr19	30536865	30537113	chr11	9209858	9210106	248	248	95.16
chr19	30536865	30537110	chr11	9214694	9214939	245	245	95.10
chr19	30540133	30540384	chr11	9217286	9217537	251	251	97.21
chr19	30550929	30551178	chr11	9220045	9220294	249	249	95.18
chr19	30551430	30551678	chr11	9220560	9220808	248	248	95.16
chr19	30566219	30566470	chr11	9233132	9233383	251	251	96.41
chr19	30566667	30566917	chr11	9233580	9233830	250	250	95.20
chr19	30574847	30575098	chr11	9237183	9237434	251	251	97.21
chr19	30593390	30593590	chr11	9252930	9253130	200	200	95.00
chr19	30593390	30593590	chr11	9255777	9255977	200	200	95.00
chr19	30599128	30599349	chr11	9258022	9258242	221	220	95.00
chr19	30601953	30602202	chr11	9259546	9259797	249	251	96.39
chr19	30627357	30627572	chr11	9272289	9272503	215	214	95.33
chr19	30645262	30645513	chr11	9283400	9283651	251	251	98.80
chr19	30744973	30745224	chr11	9339648	9339899	251	251	95.22
chr19	30747821	30748072	chr11	9343183	9343433	251	250	95.20
chr19	30748117	30748365	chr11	9343478	9343728	248	250	95.16
chr19	30757862	30758113	chr11	9351755	9352006	251	251	98.41
chr19	30761311	30761562	chr11	9355212	9355463	251	251	97.61
chr19	30767265	30767497	chr11	9358063	9358297	232	234	95.26
chr19	30767947	30768198	chr11	9358750	9359001	251	251	95.22
chr19	30775808	30776058	chr11	9366094	9366343	250	249	95.58
chr19	30801150	30801401	chr11	9386174	9386424	251	250	96.80
chr19	30810410	30810615	chr11	9394452	9394659	205	207	95.12
chr19	30831892	30832142	chr11	9412542	9412791	250	249	95.18
chr19	30841268	30841519	chr11	9417822	9418073	251	251	96.02
chr19	30841834	30842085	chr11	9418388	9418638	251	250	97.20
chr19	30842120	30842371	chr11	9418673	9418924	251	251	95.22
chr19	30842477	30842728	chr11	9419030	9419281	251	251	96.81
chr19	30842772	30843022	chr11	9419325	9419575	250	250	95.20
chr19	30843035	30843286	chr11	9419588	9419839	251	251	95.62
chr19	30843798	30844012	chr11	9420438	9420652	214	214	95.33
chr19	30851664	30851915	chr11	9425834	9426084	251	250	95.20
chr19	30861895	30862146	chr11	9434676	9434927	251	251	99.20
chr19	30862157	30862408	chr11	9434938	9435189	251	251	96.02
chr19	30892983	30893233	chr11	9454554	9454804	250	250	98.00
chr19	30933620	30933871	chr11	9467646	9467897	251	251	96.02
chr19	30939468	30939719	chr11	9473168	9473418	251	250	95.20
chr19	30939775	30940023	chr11	9473474	9473722	248	248	95.16
chr19	30940992	30941228	chr11	9474762	9475000	236	238	95.34
chr19	30983437	30983686	chr11	9492370	9492620	249	250	95.18
chr19	31001033	31001246	chr11	9499783	9499998	213	215	95.77
chr19	31003751	31003999	chr11	9502812	9503062	248	250	95.16
chr19	31025441	31025691	chr11	9518105	9518353	250	248	96.77
chr19	31032481	31032732	chr11	9522442	9522693	251	251	98.41
chr19	31038260	31038507	chr11	9528581	9528827	247	246	95.12
chr19	31068603	31068853	chr11	9547901	9548152	250	251	96.00
chr19	31140828	31141077	chr11	9589386	9589636	249	250	95.18
chr19	31142976	31143227	chr11	9591637	9591888	251	251	97.61
chr19	31153180	31153430	chr11	9599541	9599791	250	250	95.20
chr19	31167448	31167679	chr11	9612095	9612326	231	231	95.24
chr19	31177740	31177969	chr11	9621877	9622106	229	229	95.20
chr19	31183168	31183396	chr11	9626865	9627093	228	228	95.18
chr19	31203574	31203799	chr11	9640070	9640294	225	224	95.09
chr19	31204260	31204510	chr11	9640724	9640973	250	249	95.58
chr19	31209189	31209439	chr11	9642769	9643019	250	250	96.40
chr19	31232562	31232810	chr11	9654583	9654833	248	250	95.16
chr19	31308828	31309070	chr11	9686414	9686656	242	242	95.04
chr19	31339530	31339780	chr11	9699483	9699733	250	250	95.20
chr19	31353651	31353902	chr11	9708490	9708741	251	251	95.22
chr19	31365651	31365902	chr11	9714551	9714802	251	251	98.80
chr19	31378418	31378664	chr11	9719342	9719586	246	244	95.08
chr19	31398429	31398677	chr11	9724518	9724768	248	250	95.16
chr19	31406495	31406745	chr11	9730789	9731039	250	250	95.20
chr19	31557254	31557504	chr11	9781821	9782071	250	250	95.20
chr19	31561969	31562219	chr11	9783966	9784217	250	251	96.40
chr19	31563528	31563778	chr11	9785414	9785664	250	250	97.20
chr19	31567368	31567611	chr11	9789591	9789834	243	243	95.06
chr19	31587563	31587813	chr11	9795699	9795949	250	250	98.00
chr19	31591893	31592142	chr11	9800567	9800817	249	250	95.18
chr19	31636922	31637172	chr11	9829664	9829914	250	250	95.20
chr19	31640738	31640971	chr11	9832418	9832653	233	235	95.28
chr19	31656653	31656903	chr11	9840236	9840485	250	249	95.18
chr19	31659083	31659333	chr11	9842462	9842712	250	250	95.20
chr19	31749900	31750151	chr11	9882178	9882429	251	251	96.41
chr19	31752869	31753119	chr11	9889531	9889781	250	250	98.80
chr19	31763510	31763732	chr11	9899208	9899429	222	221	95.02
chr19	31765761	31766011	chr11	9901487	9901738	250	251	95.20
chr19	31795614	31795864	chr11	9920462	9920712	250	250	95.20
chr19	31798721	31798972	chr11	9923139	9923390	251	251	97.61
chr19	31806577	31806828	chr11	9928991	9929242	251	251	99.20
chr19	31808904	31809155	chr11	9931306	9931557	251	251	97.21
chr19	31827930	31828181	chr11	9951087	9951337	251	250	95.60
chr19	31831043	31831293	chr11	9953984	9954232	250	248	97.58
chr19	31834790	31835040	chr11	9957354	9957600	250	246	95.12
chr19	31837126	31837376	chr11	9959932	9960182	250	250	95.20
chr19	31837820	31838045	chr11	9960622	9960847	225	225	95.11
chr19	31915090	31915340	chr11	10013707	10013956	250	249	96.39
chr19	31915638	31915888	chr11	10014263	10014513	250	250	96.40
chr19	31998892	31999143	chr11	10030841	10031092	251	251	98.41
chr19	32037099	32037349	chr11	10053494	10053745	250	251	97.20
chr19	32067903	32068153	chr11	10068524	10068773	250	249	95.98
chr19	32084498	32084749	chr11	10080198	10080449	251	251	95.22
chr19	32121764	32121968	chr11	10104955	10105159	204	204	95.10
chr19	32125151	32125401	chr11	10107068	10107318	250	250	98.40
chr19	32155859	32156109	chr11	10115735	10115984	250	249	97.99
chr19	32209032	32209283	chr11	10143778	10144028	251	250	98.40
chr19	32209986	32210236	chr11	10144736	10144985	250	249	95.18
chr19	32210283	32210534	chr11	10145028	10145279	251	251	95.22
chr19	32211288	32211502	chr11	10146073	10146286	214	213	95.31
chr19	32314321	32314538	chr11	10188157	10188374	217	217	95.39
chr19	32377317	32377523	chr11	10210683	10210888	206	205	95.12
chr19	32434628	32434878	chr11	10230523	10230774	250	251	96.00
chr19	32452994	32453244	chr11	10246494	10246743	250	249	97.59
chr19	32453256	32453461	chr11	10246755	10246960	205	205	95.12
chr19	32453483	32453733	chr11	10246974	10247224	250	250	95.20
chr19	32471534	32471785	chr11	10260086	10260336	251	250	97.60
chr19	32521635	32521885	chr11	10282381	10282631	250	250	95.60
chr19	32526682	32526933	chr11	10288666	10288917	251	251	95.62
chr19	32529418	32529669	chr11	10291534	10291785	251	251	95.62
chr19	32529787	32530037	chr11	10291903	10292153	250	250	95.20
chr19	32661902	32662153	chr11	10363533	10363784	251	251	97.61
chr19	32712417	32712668	chr11	10389747	10389998	251	251	95.62
chr19	32725654	32725903	chr11	10397039	10397289	249	250	95.18
chr19	32731913	32732164	chr11	10401236	10401487	251	251	95.22
chr19	32732824	32733061	chr11	10402157	10402394	237	237	95.36
