chr19	30379772	30380123	chr11	9137381	9137730	351	349	98.28
chr19	30540109	30540460	chr11	9217262	9217613	351	351	95.16
chr19	30566087	30566438	chr11	9233000	9233351	351	351	96.58
chr19	30574840	30575190	chr11	9237176	9237525	350	349	96.85
chr19	30601896	30602245	chr11	9259489	9259839	349	350	95.13
chr19	30645369	30645720	chr11	9283507	9283858	351	351	96.58
chr19	30744980	30745331	chr11	9339655	9340006	351	351	95.73
chr19	30748016	30748365	chr11	9343377	9343728	349	351	96.28
chr19	30757835	30758186	chr11	9351728	9352079	351	351	98.29
chr19	30761250	30761600	chr11	9355151	9355501	350	350	95.43
chr19	30767296	30767645	chr11	9358094	9358445	349	351	95.13
chr19	30767854	30768204	chr11	9358657	9359006	350	349	95.99
chr19	30775810	30776158	chr11	9366096	9366447	348	351	95.11
chr19	30801142	30801474	chr11	9386167	9386498	332	331	95.17
chr19	30810299	30810601	chr11	9394344	9394645	302	301	95.02
chr19	30831892	30832242	chr11	9412542	9412891	350	349	95.13
chr19	30841239	30841590	chr11	9417793	9418144	351	351	96.30
chr19	30841875	30842226	chr11	9418429	9418779	351	350	96.00
chr19	30842247	30842598	chr11	9418800	9419151	351	351	98.01
chr19	30842843	30843194	chr11	9419396	9419747	351	351	96.30
chr19	30851656	30852006	chr11	9425825	9426175	350	350	95.71
chr19	30861842	30862192	chr11	9434623	9434973	350	350	98.29
chr19	30892810	30893159	chr11	9454380	9454730	349	350	98.85
chr19	30933615	30933935	chr11	9467641	9467961	320	320	95.00
chr19	30939425	30939760	chr11	9473125	9473459	335	334	95.21
chr19	30983439	30983756	chr11	9492374	9492691	317	317	95.27
chr19	31003106	31003455	chr11	9502162	9502512	349	350	98.85
chr19	31003484	31003834	chr11	9502549	9502894	350	345	97.39
chr19	31025452	31025780	chr11	9518114	9518438	328	324	95.06
chr19	31032445	31032796	chr11	9522406	9522756	351	350	98.00
chr19	31038200	31038501	chr11	9528521	9528822	301	301	95.02
chr19	31068570	31068919	chr11	9547868	9548218	349	350	95.70
chr19	31142908	31143259	chr11	9591569	9591920	351	351	95.44
chr19	31183168	31183501	chr11	9626865	9627198	333	333	95.20
chr19	31204096	31204446	chr11	9640561	9640908	350	347	95.10
chr19	31209192	31209525	chr11	9642772	9643105	333	333	95.80
chr19	31232593	31232944	chr11	9654616	9654967	351	351	96.87
chr19	31308674	31309025	chr11	9686260	9686611	351	351	95.44
chr19	31339596	31339930	chr11	9699549	9699879	334	330	95.15
chr19	31365642	31365992	chr11	9714542	9714893	350	351	97.43
chr19	31378430	31378747	chr11	9719352	9719669	317	317	95.27
chr19	31398327	31398677	chr11	9724418	9724768	350	350	95.43
chr19	31557254	31557604	chr11	9781821	9782171	350	350	95.14
chr19	31561916	31562265	chr11	9783912	9784263	349	351	95.70
chr19	31563350	31563701	chr11	9785236	9785587	351	351	95.73
chr19	31587514	31587865	chr11	9795650	9796001	351	351	96.87
chr19	31591795	31592142	chr11	9800469	9800817	347	348	95.10
chr19	31636664	31637014	chr11	9829407	9829756	350	349	95.13
chr19	31656671	31657022	chr11	9840253	9840604	351	351	95.73
chr19	31659068	31659375	chr11	9842446	9842754	307	308	95.11
chr19	31749924	31750275	chr11	9882202	9882553	351	351	98.01
chr19	31752839	31753190	chr11	9889501	9889852	351	351	95.16
chr19	31765776	31766126	chr11	9901503	9901853	350	350	95.14
chr19	31770819	31771169	chr11	9906441	9906786	350	345	95.07
chr19	31795622	31795973	chr11	9920470	9920821	351	351	96.58
chr19	31798681	31799032	chr11	9923099	9923450	351	351	97.72
chr19	31806479	31806829	chr11	9928895	9929243	350	348	96.55
chr19	31808938	31809289	chr11	9931340	9931691	351	351	98.01
chr19	31827924	31828274	chr11	9951081	9951429	350	348	95.11
chr19	31831002	31831352	chr11	9953943	9954290	350	347	95.10
chr19	31837138	31837488	chr11	9959944	9960292	350	348	97.70
chr19	31915601	31915952	chr11	10014226	10014577	351	351	95.44
chr19	31998902	31999253	chr11	10030851	10031202	351	351	95.73
chr19	32067901	32068250	chr11	10068522	10068869	349	347	95.10
chr19	32084499	32084849	chr11	10080199	10080548	350	349	95.13
chr19	32124865	32125215	chr11	10106782	10107132	350	350	95.14
chr19	32155859	32156184	chr11	10115735	10116059	325	324	95.06
chr19	32209123	32209473	chr11	10143868	10144218	350	350	95.14
chr19	32434581	32434931	chr11	10230476	10230827	350	351	95.14
chr19	32452964	32453315	chr11	10246463	10246814	351	351	97.15
chr19	32471537	32471888	chr11	10260089	10260440	351	351	96.87
chr19	32526673	32527024	chr11	10288657	10289008	351	351	96.30
chr19	32529507	32529858	chr11	10291623	10291974	351	351	96.58
chr19	32661882	32662233	chr11	10363513	10363864	351	351	96.58
chr19	32712324	32712674	chr11	10389654	10390004	350	350	95.14
chr19	32725668	32725975	chr11	10397053	10397360	307	307	95.11
chr19	32731927	32732232	chr11	10401250	10401555	305	305	95.08
