chr19	30379746	30380046	chr11	9137355	9137655	300	300	97.00
chr19	30536865	30537131	chr11	9209858	9210124	266	266	95.11
chr19	30540108	30540409	chr11	9217261	9217562	301	301	96.35
chr19	30551013	30551305	chr11	9220129	9220421	292	292	95.21
chr19	30551374	30551661	chr11	9220507	9220791	287	284	95.07
chr19	30566140	30566441	chr11	9233053	9233354	301	301	96.68
chr19	30566623	30566923	chr11	9233536	9233834	300	298	95.30
chr19	30574851	30575152	chr11	9237187	9237488	301	301	97.34
chr19	30601904	30602202	chr11	9259497	9259797	298	300	95.97
chr19	30645268	30645569	chr11	9283406	9283707	301	301	98.67
chr19	30744982	30745283	chr11	9339657	9339958	301	301	95.68
chr19	30747964	30748265	chr11	9343325	9343626	301	301	98.34
chr19	30757792	30758093	chr11	9351685	9351986	301	301	98.34
chr19	30761253	30761554	chr11	9355154	9355455	301	301	96.01
chr19	30767302	30767597	chr11	9358099	9358397	295	298	95.25
chr19	30767880	30768180	chr11	9358683	9358983	300	300	97.33
chr19	30775858	30776158	chr11	9366143	9366444	300	301	96.00
chr19	30801140	30801440	chr11	9386165	9386464	300	299	95.32
chr19	30810299	30810598	chr11	9394344	9394642	299	298	95.30
chr19	30831986	30832287	chr11	9412636	9412936	301	300	96.00
chr19	30841225	30841526	chr11	9417779	9418080	301	301	95.35
chr19	30842095	30842396	chr11	9418648	9418949	301	301	96.01
chr19	30842476	30842777	chr11	9419029	9419329	301	300	95.33
chr19	30842956	30843256	chr11	9419509	9419809	300	300	96.67
chr19	30851680	30851981	chr11	9425849	9426150	301	301	96.01
chr19	30861890	30862191	chr11	9434671	9434972	301	301	99.00
chr19	30892756	30893056	chr11	9454327	9454627	300	300	97.33
chr19	30893097	30893397	chr11	9454668	9454966	300	298	95.30
chr19	30933622	30933922	chr11	9467648	9467948	300	300	95.33
chr19	30939426	30939726	chr11	9473126	9473425	300	299	95.65
chr19	30983437	30983686	chr11	9492370	9492620	249	250	95.18
chr19	31003537	31003837	chr11	9502598	9502897	300	299	99.00
chr19	31025444	31025744	chr11	9518109	9518404	300	295	95.59
chr19	31032495	31032795	chr11	9522456	9522756	300	300	98.33
chr19	31038200	31038500	chr11	9528521	9528821	300	300	95.00
chr19	31068555	31068854	chr11	9547853	9548153	299	300	96.32
chr19	31140821	31141077	chr11	9589379	9589636	256	257	95.31
chr19	31142898	31143198	chr11	9591560	9591859	300	299	95.32
chr19	31153180	31153434	chr11	9599541	9599795	254	254	95.28
chr19	31183094	31183357	chr11	9626791	9627054	263	263	95.06
chr19	31204152	31204452	chr11	9640617	9640914	300	297	95.62
chr19	31209182	31209483	chr11	9642762	9643062	301	300	95.67
chr19	31232589	31232889	chr11	9654612	9654912	300	300	98.67
chr19	31308664	31308964	chr11	9686251	9686550	300	299	95.32
chr19	31339535	31339804	chr11	9699488	9699756	269	268	95.15
chr19	31353644	31353926	chr11	9708483	9708765	282	282	95.04
chr19	31365640	31365940	chr11	9714540	9714840	300	300	98.33
chr19	31378431	31378732	chr11	9719353	9719654	301	301	95.35
chr19	31398379	31398680	chr11	9724470	9724771	301	301	95.35
chr19	31406495	31406745	chr11	9730789	9731039	250	250	95.20
chr19	31557254	31557554	chr11	9781821	9782121	300	300	95.00
chr19	31561968	31562268	chr11	9783965	9784266	300	301	96.00
chr19	31563402	31563702	chr11	9785288	9785588	300	300	96.00
chr19	31587538	31587839	chr11	9795674	9795975	301	301	97.67
chr19	31591844	31592144	chr11	9800518	9800819	300	301	95.33
chr19	31636679	31636980	chr11	9829421	9829722	301	301	95.35
chr19	31656699	31657000	chr11	9840281	9840582	301	301	96.01
chr19	31659083	31659375	chr11	9842462	9842754	292	292	95.21
chr19	31749976	31750277	chr11	9882254	9882555	301	301	98.34
chr19	31752850	31753151	chr11	9889512	9889813	301	301	98.34
chr19	31765766	31766067	chr11	9901493	9901794	301	301	96.35
chr19	31770844	31771145	chr11	9906467	9906762	301	295	95.93
chr19	31795459	31795759	chr11	9920307	9920607	300	300	95.00
chr19	31795773	31796047	chr11	9920621	9920894	274	273	95.24
chr19	31798674	31798975	chr11	9923092	9923393	301	301	97.67
chr19	31806518	31806819	chr11	9928932	9929233	301	301	99.00
chr19	31808879	31809180	chr11	9931281	9931582	301	301	97.34
chr19	31827924	31828192	chr11	9951081	9951348	268	267	95.13
chr19	31831018	31831318	chr11	9953959	9954257	300	298	96.64
chr19	31834782	31835044	chr11	9957346	9957604	262	258	95.35
chr19	31837123	31837423	chr11	9959930	9960229	300	299	95.32
chr19	31915090	31915360	chr11	10013707	10013978	270	271	95.19
chr19	31915604	31915904	chr11	10014229	10014529	300	300	95.67
chr19	31998878	31999170	chr11	10030828	10031119	292	291	95.53
chr19	32037103	32037386	chr11	10053498	10053779	283	281	95.02
chr19	32067924	32068225	chr11	10068544	10068844	301	300	97.00
chr19	32084544	32084844	chr11	10080244	10080543	300	299	95.32
chr19	32124876	32125177	chr11	10106794	10107094	301	300	95.00
chr19	32155859	32156130	chr11	10115735	10116005	271	270	95.56
chr19	32209162	32209462	chr11	10143907	10144207	300	300	95.67
chr19	32209986	32210238	chr11	10144736	10144987	252	251	95.22
chr19	32210301	32210570	chr11	10145046	10145314	269	268	95.15
chr19	32434647	32434946	chr11	10230542	10230842	299	300	95.32
chr19	32452989	32453290	chr11	10246488	10246789	301	301	96.68
chr19	32453483	32453746	chr11	10246974	10247237	263	263	95.06
chr19	32471510	32471809	chr11	10260061	10260361	299	300	95.99
chr19	32521632	32521917	chr11	10282378	10282663	285	285	95.09
chr19	32526666	32526966	chr11	10288649	10288950	300	301	95.00
chr19	32529370	32529670	chr11	10291486	10291786	300	300	95.00
chr19	32529672	32529973	chr11	10291788	10292089	301	301	97.01
chr19	32661907	32662208	chr11	10363538	10363839	301	301	96.35
chr19	32712336	32712637	chr11	10389666	10389967	301	301	95.35
chr19	32725668	32725968	chr11	10397053	10397353	300	300	95.00
chr19	32731917	32732217	chr11	10401240	10401540	300	300	95.00
