h_19.fa	30374000 - 32760000	g_11.fa	9132000 - 10409000
CHR19		30379764	30380215	CHR11		9137373	9137822	11
CHR19		30494702	30495178	CHR11		9189997	9190473	0
CHR19		30540112	30540545	CHR11		9217265	9217699	21
CHR19		30566040	30566491	CHR11		9232953	9233404	21
CHR19		30574830	30575274	CHR11		9237166	9237608	20
CHR19		30645144	30645595	CHR11		9283282	9283733	9
CHR19		30747873	30748324	CHR11		9343234	9343685	12
CHR19		30761240	30761665	CHR11		9355141	9355566	21
CHR19		30767234	30767654	CHR11		9358034	9358454	21
CHR19		30767773	30768223	CHR11		9358576	9359025	22
CHR19		30831892	30832342	CHR11		9412542	9412986	22
CHR19		30841463	30841914	CHR11		9418017	9418468	4
CHR19		30841924	30842375	CHR11		9418478	9418928	16
CHR19		30842503	30842954	CHR11		9419056	9419507	22
CHR19		30851680	30852097	CHR11		9425849	9426264	20
CHR19		30892800	30893250	CHR11		9454369	9454819	10
CHR19		31003436	31003886	CHR11		9502500	9502946	14
CHR19		31032435	31032873	CHR11		9522394	9522840	21
CHR19		31068505	31068928	CHR11		9547803	9548229	21
CHR19		31204091	31204538	CHR11		9640556	9641001	21
CHR19		31365621	31366049	CHR11		9714521	9714950	21
CHR19		31563347	31563797	CHR11		9785233	9785683	21
CHR19		31587366	31587817	CHR11		9795502	9795953	20
CHR19		31636715	31637165	CHR11		9829457	9829907	22
CHR19		31749890	31750335	CHR11		9882165	9882616	21
CHR19		31765764	31766199	CHR11		9901491	9901926	21
CHR19		31798547	31798998	CHR11		9922965	9923416	21
CHR19		31806492	31806928	CHR11		9928906	9929339	21
CHR19		31808843	31809293	CHR11		9931245	9931695	13
CHR19		31830885	31831308	CHR11		9953821	9954247	21
CHR19		31837134	31837559	CHR11		9959942	9960365	21
CHR19		31915597	31916047	CHR11		10014221	10014672	21
CHR19		31998883	31999287	CHR11		10030833	10031236	20
CHR19		32124963	32125413	CHR11		10106879	10107330	14
CHR19		32208968	32209418	CHR11		10143713	10144163	13
CHR19		32434562	32434997	CHR11		10230456	10230893	21
CHR19		32471496	32471925	CHR11		10260048	10260477	21
CHR19		32526670	32527121	CHR11		10288654	10289105	21
CHR19		32529370	32529820	CHR11		10291486	10291936	22
CHR19		32661795	32662245	CHR11		10363425	10363876	13
