chr2	143914491	143914791	chr7	34347281	34347581	300	300	97.00
chr2	143916985	143917285	chr7	34349793	34350093	300	300	97.67
chr2	143918594	143918895	chr7	34351692	34351993	301	301	98.34
chr2	144046258	144046524	chr7	34412305	34412570	266	265	95.09
chr2	144046790	144047089	chr7	34412853	34413153	299	300	95.65
chr2	144067728	144068028	chr7	34418540	34418841	300	301	95.00
chr2	144070048	144070344	chr7	34421621	34421921	296	300	95.27
chr2	144091085	144091385	chr7	34433199	34433498	300	299	95.65
chr2	144104781	144105082	chr7	34440390	34440691	301	301	97.67
chr2	144105104	144105404	chr7	34440713	34441014	300	301	95.00
chr2	144112071	144112368	chr7	34447301	34447602	297	301	95.96
chr2	144112451	144112751	chr7	34447685	34447986	300	301	95.00
chr2	144113334	144113634	chr7	34448639	34448940	300	301	97.67
chr2	144115596	144115897	chr7	34450970	34451271	301	301	96.68
chr2	144147736	144148036	chr7	34467856	34468157	300	301	95.00
chr2	144156355	144156653	chr7	34472290	34472588	298	298	95.97
chr2	144159413	144159712	chr7	34475498	34475798	299	300	96.99
chr2	144187369	144187670	chr7	34485344	34485645	301	301	96.01
chr2	144256723	144257007	chr7	34521045	34521331	284	286	95.07
chr2	144281736	144282037	chr7	34528492	34528792	301	300	95.00
chr2	144331027	144331328	chr7	34551132	34551433	301	301	97.01
chr2	144351685	144351985	chr7	34571215	34571513	300	298	95.64
chr2	144381267	144381564	chr7	34588358	34588659	297	301	95.29
chr2	144437284	144437584	chr7	34613248	34613548	300	300	97.67
chr2	144439566	144439866	chr7	34614806	34615105	300	299	95.32
chr2	144440847	144441143	chr7	34616024	34616325	296	301	97.30
chr2	144442404	144442704	chr7	34617571	34617872	300	301	95.00
chr2	144442936	144443236	chr7	34618091	34618391	300	300	98.33
chr2	144448731	144449032	chr7	34620101	34620402	301	301	97.34
chr2	144451846	144452142	chr7	34623434	34623734	296	300	95.27
chr2	144533990	144534290	chr7	34661356	34661656	300	300	95.33
chr2	144550146	144550447	chr7	34664799	34665099	301	300	95.67
chr2	144573899	144574199	chr7	34680568	34680868	300	300	95.00
chr2	144602329	144602626	chr7	34704170	34704465	297	295	95.25
chr2	144664538	144664808	chr7	34727571	34727842	270	271	95.19
chr2	144692619	144692875	chr7	34733627	34733883	256	256	95.31
chr2	144704128	144704429	chr7	34738111	34738412	301	301	97.67
chr2	144709602	144709902	chr7	34745769	34746069	300	300	98.67
chr2	144712423	144712724	chr7	34748619	34748920	301	301	98.01
chr2	144712764	144713063	chr7	34748962	34749262	299	300	97.99
chr2	144754969	144755269	chr7	34764813	34765114	300	301	95.00
chr2	144762612	144762913	chr7	34770049	34770350	301	301	98.01
chr2	144825764	144826064	chr7	34795932	34796232	300	300	95.33
chr2	144826271	144826571	chr7	34796439	34796739	300	300	95.33
chr2	144835675	144835974	chr7	34802495	34802795	299	300	95.32
chr2	144837109	144837408	chr7	34803714	34804015	299	301	95.32
chr2	144854122	144854423	chr7	34807183	34807484	301	301	97.01
chr2	144871565	144871818	chr7	34812415	34812667	253	252	95.24
chr2	144906839	144907136	chr7	34823959	34824259	297	300	95.29
chr2	145145552	145145852	chr7	34929339	34929638	300	299	98.66
chr2	145146212	145146508	chr7	34930006	34930306	296	300	95.95
chr2	145146906	145147161	chr7	34930703	34930958	255	255	95.29
chr2	145154658	145154954	chr7	34940383	34940684	296	301	95.27
chr2	145159918	145160219	chr7	34946293	34946594	301	301	97.34
chr2	145161106	145161406	chr7	34947521	34947821	300	300	95.33
chr2	145184675	145184976	chr7	34958073	34958374	301	301	97.67
chr2	145184990	145185259	chr7	34958388	34958657	269	269	95.17
chr2	145185761	145186062	chr7	34959165	34959466	301	301	98.67
chr2	145188358	145188645	chr7	34961525	34961813	287	288	95.12
chr2	145188840	145189140	chr7	34962014	34962310	300	296	96.28
chr2	145196936	145197236	chr7	34973181	34973481	300	300	99.00
chr2	145200841	145201141	chr7	34976089	34976389	300	300	98.67
chr2	145202026	145202327	chr7	34977265	34977566	301	301	97.01
chr2	145210056	145210356	chr7	34984076	34984376	300	300	99.33
chr2	145212556	145212856	chr7	34986273	34986571	300	298	96.98
chr2	145223465	145223765	chr7	34996788	34997089	300	301	97.00
chr2	145224194	145224457	chr7	34997473	34997736	263	263	95.06
chr2	145227936	145228237	chr7	35000439	35000739	301	300	96.67
chr2	145228771	145229071	chr7	35001360	35001660	300	300	95.00
chr2	145235589	145235889	chr7	35007406	35007706	300	300	95.33
chr2	145237292	145237592	chr7	35008834	35009133	300	299	95.65
chr2	145246996	145247297	chr7	35014916	35015217	301	301	96.68
chr2	145252155	145252456	chr7	35018287	35018587	301	300	97.33
chr2	145257521	145257821	chr7	35021781	35022080	300	299	95.32
chr2	145260793	145261051	chr7	35024628	35024886	258	258	95.35
chr2	145262244	145262544	chr7	35026456	35026756	300	300	98.33
chr2	145325273	145325574	chr7	35061661	35061961	301	300	97.00
chr2	145338267	145338564	chr7	35069171	35069471	297	300	95.29
chr2	145338579	145338880	chr7	35069480	35069780	301	300	95.00
chr2	145365642	145365941	chr7	35082272	35082572	299	300	95.99
chr2	145408573	145408873	chr7	35100007	35100307	300	300	95.33
chr2	145437531	145437832	chr7	35121736	35122037	301	301	97.01
chr2	145528320	145528621	chr7	35157596	35157897	301	301	96.35
chr2	145631855	145632156	chr7	35197571	35197872	301	301	99.34
chr2	145652858	145653138	chr7	35206654	35206935	280	281	95.00
chr2	145696070	145696371	chr7	35226036	35226337	301	301	95.68
chr2	145769751	145770051	chr7	35263608	35263908	300	300	95.00
chr2	145785870	145786151	chr7	35273453	35273735	281	282	95.02
chr2	145823209	145823458	chr7	35289752	35290002	249	250	95.18
chr2	145889385	145889686	chr7	35317813	35318114	301	301	98.01
chr2	145889703	145890004	chr7	35318131	35318430	301	299	95.32
chr2	145893589	145893889	chr7	35323171	35323472	300	301	96.67
chr2	145952460	145952710	chr7	35344709	35344958	250	249	95.18
chr2	145958575	145958828	chr7	35352609	35352862	253	253	95.26
chr2	146003117	146003418	chr7	35368972	35369273	301	301	98.34
chr2	146057919	146058219	chr7	35393077	35393377	300	300	96.00
chr2	146110096	146110397	chr7	35425127	35425428	301	301	96.01
chr2	146321363	146321663	chr7	35501707	35502007	300	300	95.67
chr2	146412436	146412736	chr7	35536397	35536697	300	300	96.67
chr2	146412765	146413064	chr7	35536726	35537026	299	300	95.32
chr2	146413198	146413499	chr7	35537167	35537468	301	301	96.35
chr2	146426321	146426621	chr7	35542224	35542524	300	300	95.33
chr2	146603152	146603453	chr7	35607266	35607567	301	301	95.35
chr2	146689486	146689787	chr7	35637021	35637322	301	301	97.67
chr2	146692450	146692750	chr7	35641079	35641380	300	301	97.67
chr2	146698098	146698395	chr7	35644651	35644951	297	300	95.29
chr2	146782977	146783248	chr7	35670987	35671259	271	272	95.20
chr2	146797875	146798175	chr7	35677310	35677610	300	300	95.33
chr2	146798882	146799183	chr7	35678336	35678637	301	301	96.68
chr2	146960874	146961175	chr7	35729609	35729910	301	301	95.35
chr2	146987407	146987701	chr7	35740990	35741284	294	294	95.24
chr2	147023237	147023538	chr7	35758536	35758837	301	301	95.35
chr2	147073191	147073491	chr7	35782540	35782839	300	299	97.66
chr2	147134010	147134310	chr7	35803424	35803723	300	299	96.32
chr2	147260818	147261119	chr7	35832558	35832859	301	301	97.34
chr2	147290160	147290435	chr7	35847048	35847323	275	275	95.27
chr2	147334235	147334536	chr7	35860421	35860722	301	301	96.01
chr2	147349415	147349716	chr7	35864821	35865122	301	301	96.68
chr2	147382332	147382632	chr7	35875914	35876214	300	300	96.33
chr2	147444379	147444679	chr7	35887888	35888186	300	298	95.30
chr2	147708541	147708841	chr7	35932839	35933139	300	300	96.33
