chr2	143914581	143915032	chr7	34347371	34347822	451	451	98.00
chr2	143918700	143919150	chr7	34351798	34352249	450	451	95.11
chr2	144091076	144091526	chr7	34433190	34433640	450	450	95.11
chr2	144104831	144105282	chr7	34440440	34440891	451	451	98.45
chr2	144112172	144112622	chr7	34447405	34447856	450	451	99.33
chr2	144115529	144115980	chr7	34450904	34451354	451	450	96.67
chr2	144147595	144148045	chr7	34467715	34468165	450	450	95.56
chr2	144159391	144159840	chr7	34475476	34475926	449	450	95.32
chr2	144187311	144187760	chr7	34485286	34485734	449	448	95.31
chr2	144281654	144282104	chr7	34528410	34528859	450	449	95.32
chr2	144351699	144352133	chr7	34571227	34571662	434	435	95.16
chr2	144379626	144380072	chr7	34586673	34587123	446	450	98.88
chr2	144381211	144381650	chr7	34588302	34588752	439	450	95.22
chr2	144440771	144441217	chr7	34615948	34616399	446	451	97.76
chr2	144442238	144442688	chr7	34617404	34617855	450	451	97.11
chr2	144443012	144443463	chr7	34618167	34618618	451	451	99.11
chr2	144448739	144449188	chr7	34620109	34620559	449	450	95.10
chr2	144534015	144534466	chr7	34661380	34661830	451	450	96.00
chr2	144550182	144550632	chr7	34664835	34665284	450	449	97.10
chr2	144573940	144574364	chr7	34680609	34681032	424	423	95.04
chr2	144703899	144704349	chr7	34737882	34738332	450	450	95.11
chr2	144709490	144709937	chr7	34745658	34746102	447	444	96.17
chr2	144712708	144713148	chr7	34748904	34749355	440	451	95.23
chr2	144714736	144715186	chr7	34751010	34751460	450	450	95.11
chr2	144762708	144763159	chr7	34770145	34770596	451	451	98.00
chr2	144825752	144826199	chr7	34795917	34796367	447	450	95.30
chr2	144854023	144854474	chr7	34807084	34807535	451	451	95.34
chr2	145145670	145146119	chr7	34929457	34929907	449	450	95.10
chr2	145154557	145154963	chr7	34940283	34940693	406	410	95.07
chr2	145161220	145161671	chr7	34947635	34948086	451	451	97.12
chr2	145184638	145185088	chr7	34958036	34958486	450	450	95.11
chr2	145185645	145186095	chr7	34959050	34959499	450	449	96.88
chr2	145188819	145189270	chr7	34961993	34962441	451	448	95.76
chr2	145196923	145197373	chr7	34973169	34973619	450	450	98.89
chr2	145200854	145201304	chr7	34976102	34976552	450	450	97.33
chr2	145201889	145202336	chr7	34977125	34977575	447	450	95.53
chr2	145209980	145210426	chr7	34983999	34984450	446	451	95.74
chr2	145223337	145223785	chr7	34996658	34997108	448	450	95.31
chr2	145224194	145224616	chr7	34997473	34997895	422	422	95.02
chr2	145227935	145228336	chr7	35000437	35000839	401	402	95.01
chr2	145235600	145236015	chr7	35007417	35007834	415	417	95.18
chr2	145246984	145247413	chr7	35014905	35015329	429	424	95.05
chr2	145257614	145258064	chr7	35021873	35022323	450	450	99.33
chr2	145262140	145262587	chr7	35026351	35026801	447	450	95.30
chr2	145325281	145325730	chr7	35061670	35062117	449	447	95.08
chr2	145338678	145339078	chr7	35069578	35069981	400	403	95.25
chr2	145528355	145528806	chr7	35157631	35158082	451	451	96.90
chr2	145631805	145632249	chr7	35197523	35197973	444	450	95.27
chr2	145695941	145696373	chr7	35225905	35226340	432	435	95.14
chr2	145769747	145770189	chr7	35263604	35264046	442	442	95.02
chr2	145889368	145889818	chr7	35317797	35318244	450	447	97.76
chr2	145893562	145893984	chr7	35323144	35323567	422	423	95.02
chr2	146003089	146003535	chr7	35368944	35369395	446	451	95.29
chr2	146057795	146058239	chr7	35392951	35393401	444	450	95.95
chr2	146412576	146413026	chr7	35536536	35536987	450	451	98.89
chr2	146413120	146413535	chr7	35537088	35537506	415	418	95.18
chr2	146426335	146426783	chr7	35542238	35542687	448	449	95.09
chr2	146689181	146689631	chr7	35636720	35637166	450	446	95.07
chr2	146692536	146692986	chr7	35641165	35641615	450	450	95.11
chr2	146697909	146698358	chr7	35644462	35644907	449	445	96.40
chr2	146798769	146799219	chr7	35678223	35678673	450	450	95.11
chr2	146960813	146961242	chr7	35729545	35729977	429	432	95.10
chr2	147023181	147023631	chr7	35758480	35758930	450	450	95.11
chr2	147134123	147134569	chr7	35803536	35803987	446	451	95.07
chr2	147260714	147261164	chr7	35832453	35832904	450	451	97.11
chr2	147334130	147334580	chr7	35860316	35860766	450	450	95.11
chr2	147349428	147349878	chr7	35864834	35865283	450	449	96.44
chr2	147382233	147382683	chr7	35875815	35876265	450	450	95.56
