chr2	143914510	143915011	chr7	34347300	34347801	501	501	98.40
chr2	143918664	143919163	chr7	34351762	34352262	499	500	95.19
chr2	144091109	144091609	chr7	34433223	34433723	500	500	95.80
chr2	144104774	144105275	chr7	34440383	34440884	501	501	98.40
chr2	144112171	144112672	chr7	34447404	34447905	501	501	99.00
chr2	144115565	144116061	chr7	34450939	34451439	496	500	95.16
chr2	144147676	144148137	chr7	34467796	34468257	461	461	95.01
chr2	144159368	144159833	chr7	34475450	34475917	465	467	95.05
chr2	144187331	144187831	chr7	34485306	34485798	500	492	95.12
chr2	144281654	144282126	chr7	34528410	34528881	472	471	95.33
chr2	144379603	144380097	chr7	34586648	34587148	494	500	97.37
chr2	144381199	144381689	chr7	34588291	34588791	490	500	95.10
chr2	144440746	144441242	chr7	34615923	34616424	496	501	97.78
chr2	144442210	144442708	chr7	34617376	34617875	498	499	95.38
chr2	144442875	144443376	chr7	34618032	34618531	501	499	95.19
chr2	144448697	144449166	chr7	34620067	34620538	469	471	95.10
chr2	144533993	144534485	chr7	34661358	34661849	492	491	95.32
chr2	144550163	144550659	chr7	34664811	34665311	496	500	95.16
chr2	144703899	144704399	chr7	34737882	34738382	500	500	95.40
chr2	144709490	144709953	chr7	34745656	34746119	463	463	95.03
chr2	144712581	144713078	chr7	34748777	34749278	497	501	97.38
chr2	144714959	144715459	chr7	34751233	34751734	500	501	99.40
chr2	144762683	144763184	chr7	34770120	34770621	501	501	97.21
chr2	144825868	144826369	chr7	34796037	34796537	501	500	99.40
chr2	144853889	144854389	chr7	34806950	34807450	500	500	97.60
chr2	145145516	145146016	chr7	34929302	34929802	500	500	95.40
chr2	145146104	145146566	chr7	34929898	34930359	462	461	95.01
chr2	145161210	145161709	chr7	34947625	34948125	499	500	96.19
chr2	145184614	145185114	chr7	34958012	34958512	500	500	95.00
chr2	145185630	145186108	chr7	34959035	34959512	478	477	95.18
chr2	145188860	145189360	chr7	34962035	34962535	500	500	95.60
chr2	145196900	145197397	chr7	34973143	34973643	497	500	98.19
chr2	145200827	145201324	chr7	34976075	34976575	497	500	95.37
chr2	145201886	145202336	chr7	34977123	34977577	450	454	95.11
chr2	145209971	145210436	chr7	34983990	34984460	465	470	95.05
chr2	145223327	145223797	chr7	34996648	34997119	470	471	95.11
chr2	145257619	145258120	chr7	35021878	35022378	501	500	98.20
chr2	145262090	145262587	chr7	35026301	35026801	497	500	95.77
chr2	145338060	145338548	chr7	35068953	35069452	488	499	95.08
chr2	145528371	145528871	chr7	35157647	35158147	500	500	96.20
chr2	145631796	145632260	chr7	35197513	35197986	464	473	95.04
chr2	145889338	145889838	chr7	35317769	35318264	500	495	95.35
chr2	146002942	146003443	chr7	35368800	35369298	501	498	96.18
chr2	146057750	146058233	chr7	35392913	35393393	483	480	95.00
chr2	146412579	146413078	chr7	35536539	35537039	499	500	95.99
chr2	146689497	146689998	chr7	35637032	35637532	501	500	95.00
chr2	146692459	146692960	chr7	35641088	35641589	501	501	96.01
chr2	146697900	146698396	chr7	35644453	35644953	496	500	95.36
chr2	146798770	146799269	chr7	35678225	35678721	499	496	95.16
chr2	147023129	147023603	chr7	35758427	35758901	474	474	95.36
chr2	147133995	147134495	chr7	35803410	35803907	500	497	95.17
chr2	147260797	147261297	chr7	35832537	35833038	500	501	95.40
chr2	147333962	147334462	chr7	35860147	35860648	500	501	96.80
chr2	147349418	147349886	chr7	35864825	35865295	468	470	95.09
chr2	147382233	147382733	chr7	35875815	35876315	500	500	95.60
