chr2	143914515	143914765	chr7	34347304	34347555	250	251	98.00
chr2	143917056	143917306	chr7	34349864	34350114	250	250	98.40
chr2	143918613	143918864	chr7	34351711	34351962	251	251	98.80
chr2	143918865	143919114	chr7	34351963	34352213	249	250	95.18
chr2	143919737	143919939	chr7	34352803	34353005	202	202	95.05
chr2	144046258	144046508	chr7	34412305	34412553	250	248	95.56
chr2	144046535	144046745	chr7	34412576	34412785	210	209	95.22
chr2	144046837	144047087	chr7	34412900	34413151	250	251	96.40
chr2	144067755	144068006	chr7	34418568	34418819	251	251	95.22
chr2	144070118	144070369	chr7	34421699	34421946	251	247	95.55
chr2	144091140	144091390	chr7	34433254	34433505	250	251	95.20
chr2	144091407	144091657	chr7	34433522	34433771	250	249	95.18
chr2	144104354	144104589	chr7	34439964	34440199	235	235	95.32
chr2	144104838	144105089	chr7	34440447	34440698	251	251	97.61
chr2	144105150	144105400	chr7	34440759	34441009	250	250	95.20
chr2	144112079	144112329	chr7	34447314	34447563	250	249	95.18
chr2	144112484	144112734	chr7	34447718	34447969	250	251	95.20
chr2	144113383	144113632	chr7	34448688	34448939	249	251	97.59
chr2	144113712	144113960	chr7	34448998	34449246	248	248	95.56
chr2	144114623	144114840	chr7	34449943	34450160	217	217	95.39
chr2	144115621	144115872	chr7	34450995	34451246	251	251	96.02
chr2	144147581	144147832	chr7	34467701	34467952	251	251	96.41
chr2	144156376	144156627	chr7	34472311	34472562	251	251	96.02
chr2	144159406	144159656	chr7	34475491	34475742	250	251	97.60
chr2	144187308	144187559	chr7	34485283	34485534	251	251	96.41
chr2	144208490	144208693	chr7	34499864	34500068	203	204	95.07
chr2	144256711	144256961	chr7	34521033	34521283	250	250	95.60
chr2	144281749	144282000	chr7	34528505	34528755	251	250	95.20
chr2	144303600	144303809	chr7	34538984	34539193	209	209	95.22
chr2	144331001	144331251	chr7	34551106	34551356	250	250	98.40
chr2	144351724	144351975	chr7	34571252	34571503	251	251	97.61
chr2	144381199	144381449	chr7	34588291	34588540	250	249	97.59
chr2	144381544	144381789	chr7	34588641	34588891	245	250	95.10
chr2	144437313	144437564	chr7	34613277	34613528	251	251	98.41
chr2	144439604	144439855	chr7	34614843	34615094	251	251	96.41
chr2	144440872	144441118	chr7	34616049	34616300	246	251	96.75
chr2	144442245	144442495	chr7	34617411	34617662	250	251	97.60
chr2	144443063	144443314	chr7	34618218	34618469	251	251	99.20
chr2	144448785	144449036	chr7	34620155	34620406	251	251	99.20
chr2	144451848	144452096	chr7	34623438	34623688	248	250	96.37
chr2	144533207	144533416	chr7	34660557	34660765	209	208	95.19
chr2	144534027	144534278	chr7	34661393	34661644	251	251	96.02
chr2	144550168	144550418	chr7	34664820	34665070	250	250	97.60
chr2	144573955	144574206	chr7	34680624	34680875	251	251	97.21
chr2	144601279	144601526	chr7	34703193	34703440	247	247	95.14
chr2	144602352	144602602	chr7	34704193	34704442	250	249	98.39
chr2	144664563	144664814	chr7	34727597	34727847	251	250	95.60
chr2	144692623	144692873	chr7	34733632	34733881	250	249	95.58
chr2	144704121	144704372	chr7	34738104	34738355	251	251	97.61
chr2	144704391	144704641	chr7	34738374	34738623	250	249	96.39
chr2	144709491	144709741	chr7	34745659	34745908	250	249	95.18
chr2	144712469	144712720	chr7	34748665	34748916	251	251	98.41
chr2	144712766	144713014	chr7	34748965	34749213	248	248	100.00
chr2	144754964	144755214	chr7	34764808	34765058	250	250	95.20
chr2	144755406	144755608	chr7	34765260	34765462	202	202	95.05
chr2	144762344	144762594	chr7	34769775	34770025	250	250	100.00
chr2	144762714	144762964	chr7	34770151	34770401	250	250	97.60
chr2	144825783	144826034	chr7	34795953	34796202	251	249	95.98
chr2	144826297	144826547	chr7	34796465	34796715	250	250	97.20
chr2	144835742	144835993	chr7	34802563	34802814	251	251	97.61
chr2	144837135	144837383	chr7	34803740	34803990	248	250	95.97
chr2	144854125	144854376	chr7	34807186	34807437	251	251	98.01
chr2	144871573	144871821	chr7	34812423	34812671	248	248	95.56
chr2	144903588	144903799	chr7	34821207	34821418	211	211	95.26
chr2	144906904	144907152	chr7	34824025	34824275	248	250	95.16
chr2	145146106	145146355	chr7	34929900	34930151	249	251	97.19
chr2	145146911	145147161	chr7	34930708	34930958	250	250	95.20
chr2	145154749	145154998	chr7	34940478	34940728	249	250	95.58
chr2	145155862	145156098	chr7	34942460	34942696	236	236	95.34
chr2	145159873	145160124	chr7	34946248	34946499	251	251	95.62
chr2	145161221	145161471	chr7	34947636	34947886	250	250	98.80
chr2	145184715	145184966	chr7	34958113	34958364	251	251	98.41
chr2	145185065	145185272	chr7	34958463	34958672	207	209	95.65
chr2	145185637	145185888	chr7	34959042	34959292	251	250	96.00
chr2	145188331	145188580	chr7	34961499	34961748	249	249	95.18
chr2	145189017	145189267	chr7	34962187	34962438	250	251	97.20
chr2	145189694	145189904	chr7	34962907	34963117	210	210	95.24
chr2	145196863	145197112	chr7	34973107	34973357	249	250	95.98
chr2	145197160	145197409	chr7	34973405	34973655	249	250	99.20
chr2	145202048	145202299	chr7	34977287	34977538	251	251	97.21
chr2	145209976	145210225	chr7	34983995	34984245	249	250	95.58
chr2	145210369	145210596	chr7	34984393	34984617	227	224	95.09
chr2	145212590	145212840	chr7	34986305	34986555	250	250	98.80
chr2	145216193	145216436	chr7	34989122	34989365	243	243	95.06
chr2	145223437	145223688	chr7	34996760	34997011	251	251	96.02
chr2	145224194	145224442	chr7	34997473	34997721	248	248	95.16
chr2	145224462	145224668	chr7	34997741	34997947	206	206	95.15
chr2	145227978	145228229	chr7	35000480	35000731	251	251	98.41
chr2	145228756	145229007	chr7	35001346	35001596	251	250	95.20
chr2	145235753	145236002	chr7	35007570	35007821	249	251	97.19
chr2	145237291	145237542	chr7	35008833	35009083	251	250	95.60
chr2	145247020	145247271	chr7	35014940	35015191	251	251	97.61
chr2	145252124	145252375	chr7	35018257	35018506	251	249	95.18
chr2	145257527	145257776	chr7	35021785	35022035	249	250	95.58
chr2	145260793	145261043	chr7	35024628	35024878	250	250	95.60
chr2	145262019	145262269	chr7	35026230	35026481	250	251	96.40
chr2	145262325	145262575	chr7	35026537	35026786	250	249	96.39
chr2	145268320	145268562	chr7	35030759	35031002	242	243	95.04
chr2	145269571	145269817	chr7	35032111	35032356	246	245	95.10
chr2	145278681	145278924	chr7	35040218	35040461	243	243	95.06
chr2	145325268	145325518	chr7	35061657	35061906	250	249	96.79
chr2	145337966	145338216	chr7	35068860	35069109	250	249	95.58
chr2	145338308	145338557	chr7	35069212	35069462	249	250	95.98
chr2	145338586	145338837	chr7	35069486	35069737	251	251	95.22
chr2	145340425	145340636	chr7	35071297	35071508	211	211	95.26
chr2	145365666	145365917	chr7	35082297	35082548	251	251	96.02
chr2	145408564	145408815	chr7	35099998	35100249	251	251	96.81
chr2	145437586	145437837	chr7	35121791	35122042	251	251	97.21
chr2	145528366	145528617	chr7	35157642	35157893	251	251	97.21
chr2	145528628	145528879	chr7	35157904	35158155	251	251	95.22
chr2	145592585	145592814	chr7	35183325	35183554	229	229	95.20
chr2	145652885	145653134	chr7	35206681	35206931	249	250	95.18
chr2	145696096	145696347	chr7	35226062	35226313	251	251	96.81
chr2	145769756	145770007	chr7	35263613	35263864	251	251	96.81
chr2	145785873	145786124	chr7	35273457	35273708	251	251	96.02
chr2	145823209	145823458	chr7	35289752	35290002	249	250	95.18
chr2	145889463	145889714	chr7	35317891	35318142	251	251	99.20
chr2	145889740	145889990	chr7	35318168	35318416	250	248	95.56
chr2	145893703	145893954	chr7	35323286	35323537	251	251	98.41
chr2	145915574	145915797	chr7	35330878	35331102	223	224	95.07
chr2	145952460	145952710	chr7	35344709	35344958	250	249	95.18
chr2	145958576	145958826	chr7	35352610	35352860	250	250	95.60
chr2	145978167	145978410	chr7	35360849	35361092	243	243	95.06
chr2	146003044	146003295	chr7	35368899	35369150	251	251	97.61
chr2	146045357	146045591	chr7	35388364	35388598	234	234	95.30
chr2	146057944	146058193	chr7	35393102	35393352	249	250	98.80
chr2	146081192	146081438	chr7	35402661	35402908	246	247	95.12
chr2	146110083	146110334	chr7	35425114	35425365	251	251	95.22
chr2	146285083	146285312	chr7	35490404	35490633	229	229	95.20
chr2	146321347	146321597	chr7	35501694	35501941	250	247	95.14
chr2	146412460	146412709	chr7	35536420	35536670	249	250	97.19
chr2	146412802	146413052	chr7	35536763	35537014	250	251	95.60
chr2	146413130	146413380	chr7	35537099	35537349	250	250	98.00
chr2	146426327	146426577	chr7	35542230	35542480	250	250	95.20
chr2	146518497	146518720	chr7	35579585	35579808	223	223	95.07
chr2	146574183	146574388	chr7	35597438	35597644	205	206	95.12
chr2	146603176	146603427	chr7	35607290	35607541	251	251	96.02
chr2	146667620	146667844	chr7	35626065	35626290	224	225	95.09
chr2	146689194	146689444	chr7	35636733	35636984	250	251	96.00
chr2	146689447	146689698	chr7	35636982	35637233	251	251	97.21
chr2	146692438	146692688	chr7	35641067	35641318	250	251	97.60
chr2	146697909	146698159	chr7	35644462	35644712	250	250	96.40
chr2	146782974	146783224	chr7	35670984	35671233	250	249	95.18
chr2	146797918	146798168	chr7	35677352	35677602	250	250	96.00
chr2	146798868	146799118	chr7	35678322	35678572	250	250	95.20
chr2	146960843	146961094	chr7	35729578	35729829	251	251	96.41
chr2	146987431	146987682	chr7	35741014	35741265	251	251	96.02
chr2	147023251	147023501	chr7	35758550	35758800	250	250	95.20
chr2	147073187	147073438	chr7	35782536	35782786	251	250	96.80
chr2	147134004	147134254	chr7	35803417	35803667	250	250	95.20
chr2	147134333	147134557	chr7	35803745	35803969	224	224	95.09
chr2	147172657	147172888	chr7	35814294	35814525	231	231	95.24
chr2	147172921	147173151	chr7	35814558	35814788	230	230	95.22
chr2	147260792	147261042	chr7	35832531	35832782	250	251	98.00
chr2	147261062	147261287	chr7	35832802	35833027	225	225	95.56
chr2	147290171	147290421	chr7	35847059	35847309	250	250	96.80
chr2	147334002	147334253	chr7	35860188	35860439	251	251	99.20
chr2	147334260	147334511	chr7	35860446	35860697	251	251	95.62
chr2	147349410	147349660	chr7	35864816	35865066	250	250	96.00
chr2	147382317	147382568	chr7	35875899	35876150	251	251	95.22
chr2	147444391	147444642	chr7	35887898	35888149	251	251	98.01
chr2	147708553	147708804	chr7	35932852	35933102	251	250	97.20
