h_2.fa	143910000 - 147710000	g_7.fa	34342000 - 35935000
CHR2		143914459	143914859	CHR7		34347251	34347649	19
CHR2		143916978	143917363	CHR7		34349785	34350171	19
CHR2		143918560	143918961	CHR7		34351660	34352060	12
CHR2		144067733	144068106	CHR7		34418546	34418920	18
CHR2		144091084	144091485	CHR7		34433198	34433599	19
CHR2		144104683	144105084	CHR7		34440292	34440693	9
CHR2		144112227	144112627	CHR7		34447461	34447861	2
CHR2		144115621	144116021	CHR7		34450995	34451395	14
CHR2		144147676	144148071	CHR7		34467796	34468191	19
CHR2		144159423	144159823	CHR7		34475508	34475908	11
CHR2		144187319	144187719	CHR7		34485294	34485694	14
CHR2		144281654	144282054	CHR7		34528410	34528809	19
CHR2		144330980	144331333	CHR7		34551085	34551438	17
CHR2		144351719	144352115	CHR7		34571247	34571647	18
CHR2		144379626	144380021	CHR7		34586673	34587072	4
CHR2		144381109	144381507	CHR7		34588198	34588598	19
CHR2		144437232	144437614	CHR7		34613195	34613576	18
CHR2		144441003	144441536	CHR7		34616185	34616718	0
CHR2		144442264	144442664	CHR7		34617430	34617831	9
CHR2		144442909	144443309	CHR7		34618064	34618464	8
CHR2		144448732	144449132	CHR7		34620102	34620503	13
CHR2		144451846	144452207	CHR7		34623434	34623799	18
CHR2		144533983	144534384	CHR7		34661349	34661750	17
CHR2		144550206	144550607	CHR7		34664858	34665259	7
CHR2		144573974	144574374	CHR7		34680643	34681042	19
CHR2		144704005	144704406	CHR7		34737988	34738389	19
CHR2		144709538	144709937	CHR7		34745705	34746102	11
CHR2		144712694	144713092	CHR7		34748890	34749290	18
CHR2		144714961	144715407	CHR7		34751235	34751681	0
CHR2		144762566	144762967	CHR7		34770006	34770404	18
CHR2		144825892	144826345	CHR7		34796060	34796513	0
CHR2		144835679	144836044	CHR7		34802500	34802864	18
CHR2		144853896	144854297	CHR7		34806957	34807358	7
CHR2		145145522	145145922	CHR7		34929307	34929708	20
CHR2		145146122	145146516	CHR7		34929916	34930316	19
CHR2		145146735	145147095	CHR7		34930531	34930892	18
CHR2		145154559	145154955	CHR7		34940285	34940685	19
CHR2		145159855	145160230	CHR7		34946230	34946605	18
CHR2		145161216	145161617	CHR7		34947631	34948032	10
CHR2		145184640	145185041	CHR7		34958038	34958439	17
CHR2		145185708	145186108	CHR7		34959112	34959512	14
CHR2		145188812	145189212	CHR7		34961986	34962382	19
CHR2		145196846	145197246	CHR7		34973091	34973491	13
CHR2		145200847	145201247	CHR7		34976095	34976495	6
CHR2		145201944	145202344	CHR7		34977182	34977583	20
CHR2		145210004	145210401	CHR7		34984024	34984425	12
CHR2		145212560	145212959	CHR7		34986277	34986675	19
CHR2		145223401	145223799	CHR7		34996722	34997122	19
CHR2		145227936	145228336	CHR7		35000439	35000839	19
CHR2		145235611	145236010	CHR7		35007428	35007829	16
CHR2		145246982	145247382	CHR7		35014902	35015302	19
CHR2		145257629	145258048	CHR7		35021888	35022307	0
CHR2		145262169	145262569	CHR7		35026380	35026781	9
CHR2		145325276	145325676	CHR7		35061664	35062064	17
CHR2		145338681	145339078	CHR7		35069581	35069981	19
CHR2		145365559	145365943	CHR7		35082188	35082574	19
CHR2		145528360	145528761	CHR7		35157636	35158037	11
CHR2		145631815	145632215	CHR7		35197532	35197933	15
CHR2		145695974	145696373	CHR7		35225940	35226340	16
CHR2		145889338	145889738	CHR7		35317770	35318166	19
CHR2		145893569	145893968	CHR7		35323151	35323551	17
CHR2		146003138	146003535	CHR7		35368993	35369394	17
CHR2		146057739	146058139	CHR7		35392902	35393298	18
CHR2		146110064	146110425	CHR7		35425095	35425456	18
CHR2		146321365	146321748	CHR7		35501710	35502092	19
CHR2		146412392	146412792	CHR7		35536353	35536753	19
CHR2		146413125	146413525	CHR7		35537094	35537495	16
CHR2		146426361	146426761	CHR7		35542264	35542664	9
CHR2		146689196	146689596	CHR7		35636735	35637131	19
CHR2		146692581	146692981	CHR7		35641210	35641610	19
CHR2		146697884	146698284	CHR7		35644437	35644837	18
CHR2		146797892	146798252	CHR7		35677327	35677688	18
CHR2		146798773	146799173	CHR7		35678229	35678627	19
CHR2		146960837	146961234	CHR7		35729569	35729969	19
CHR2		147073191	147073561	CHR7		35782540	35782918	17
CHR2		147134066	147134466	CHR7		35803479	35803878	10
CHR2		147260666	147261066	CHR7		35832406	35832806	18
CHR2		147334168	147334568	CHR7		35860354	35860754	19
CHR2		147349471	147349871	CHR7		35864877	35865277	10
CHR2		147382267	147382668	CHR7		35875849	35876250	19
