h_2.fa	143910000 - 147710000	g_7.fa	34342000 - 35935000
CHR2		143914464	143914814	CHR7		34347254	34347604	17
CHR2		143917004	143917354	CHR7		34349812	34350163	16
CHR2		143918585	143918935	CHR7		34351684	34352034	7
CHR2		144046761	144047095	CHR7		34412824	34413161	16
CHR2		144067733	144068083	CHR7		34418546	34418896	16
CHR2		144070045	144070390	CHR7		34421621	34421967	17
CHR2		144091146	144091497	CHR7		34433260	34433611	17
CHR2		144104756	144105107	CHR7		34440365	34440716	7
CHR2		144112237	144112617	CHR7		34447471	34447851	0
CHR2		144113326	144113643	CHR7		34448630	34448951	15
CHR2		144113647	144113960	CHR7		34448932	34449246	14
CHR2		144115630	144115981	CHR7		34451004	34451355	11
CHR2		144147564	144147914	CHR7		34467686	34468034	16
CHR2		144156351	144156658	CHR7		34472287	34472594	15
CHR2		144159419	144159769	CHR7		34475505	34475855	11
CHR2		144187368	144187719	CHR7		34485343	34485694	13
CHR2		144281743	144282094	CHR7		34528499	34528849	14
CHR2		144330981	144331331	CHR7		34551086	34551436	16
CHR2		144351752	144352102	CHR7		34571280	34571631	13
CHR2		144379626	144379985	CHR7		34586673	34587032	0
CHR2		144381197	144381547	CHR7		34588289	34588639	11
CHR2		144437261	144437611	CHR7		34613226	34613574	13
CHR2		144439570	144439886	CHR7		34614809	34615124	15
CHR2		144441003	144441536	CHR7		34616185	34616718	0
CHR2		144442196	144442547	CHR7		34617364	34617714	17
CHR2		144442912	144443263	CHR7		34618067	34618418	8
CHR2		144448767	144449118	CHR7		34620137	34620488	4
CHR2		144451847	144452194	CHR7		34623436	34623786	15
CHR2		144533975	144534325	CHR7		34661341	34661691	17
CHR2		144550195	144550546	CHR7		34664847	34665198	6
CHR2		144574001	144574348	CHR7		34680670	34681020	16
CHR2		144704089	144704440	CHR7		34738072	34738423	10
CHR2		144709558	144709909	CHR7		34745725	34746076	7
CHR2		144712727	144713075	CHR7		34748923	34749273	9
CHR2		144714961	144715407	CHR7		34751235	34751681	0
CHR2		144754968	144755276	CHR7		34764812	34765120	15
CHR2		144762652	144763003	CHR7		34770089	34770440	8
CHR2		144825892	144826345	CHR7		34796060	34796513	0
CHR2		144835699	144836049	CHR7		34802520	34802869	17
CHR2		144837074	144837394	CHR7		34803679	34804000	16
CHR2		144853898	144854248	CHR7		34806959	34807309	6
CHR2		144906839	144907162	CHR7		34823959	34824285	16
CHR2		145145529	145145879	CHR7		34929320	34929665	15
CHR2		145146097	145146443	CHR7		34929889	34930239	10
CHR2		145146735	145147077	CHR7		34930531	34930874	17
CHR2		145154631	145154976	CHR7		34940356	34940706	17
CHR2		145159893	145160244	CHR7		34946268	34946619	16
CHR2		145161125	145161476	CHR7		34947540	34947891	9
CHR2		145184625	145184976	CHR7		34958023	34958374	13
CHR2		145185677	145186027	CHR7		34959080	34959431	4
CHR2		145189008	145189354	CHR7		34962178	34962529	15
CHR2		145196912	145197262	CHR7		34973156	34973507	7
CHR2		145200818	145201168	CHR7		34976067	34976416	10
CHR2		145201978	145202328	CHR7		34977216	34977566	12
CHR2		145210019	145210369	CHR7		34984039	34984389	6
CHR2		145212556	145212906	CHR7		34986273	34986621	14
CHR2		145223426	145223777	CHR7		34996749	34997099	12
CHR2		145227960	145228310	CHR7		35000461	35000812	11
CHR2		145228771	145229072	CHR7		35001360	35001661	15
CHR2		145235611	145235961	CHR7		35007428	35007778	11
CHR2		145237296	145237620	CHR7		35008837	35009161	16
CHR2		145246999	145247350	CHR7		35014919	35015270	11
CHR2		145252129	145252475	CHR7		35018262	35018607	17
CHR2		145257629	145258048	CHR7		35021888	35022307	0
CHR2		145262218	145262569	CHR7		35026430	35026781	8
CHR2		145325262	145325613	CHR7		35061651	35062000	12
CHR2		145338260	145338565	CHR7		35069164	35069473	15
CHR2		145338725	145339074	CHR7		35069625	35069976	17
CHR2		145365591	145365941	CHR7		35082221	35082572	15
CHR2		145408573	145408902	CHR7		35100007	35100336	16
CHR2		145437504	145437851	CHR7		35121709	35122056	17
CHR2		145528464	145528815	CHR7		35157740	35158091	12
CHR2		145631856	145632206	CHR7		35197572	35197923	7
CHR2		145696000	145696351	CHR7		35225966	35226317	12
CHR2		145889443	145889794	CHR7		35317871	35318222	4
CHR2		145893554	145893905	CHR7		35323138	35323488	14
CHR2		146003165	146003516	CHR7		35369020	35369371	6
CHR2		146057895	146058239	CHR7		35393051	35393401	17
CHR2		146110100	146110449	CHR7		35425131	35425481	17
CHR2		146321367	146321717	CHR7		35501711	35502061	17
CHR2		146412412	146412763	CHR7		35536373	35536724	17
CHR2		146413116	146413466	CHR7		35537085	35537435	13
CHR2		146426341	146426692	CHR7		35542244	35542595	8
CHR2		146603138	146603463	CHR7		35607252	35607577	16
CHR2		146689192	146689543	CHR7		35636731	35637078	17
CHR2		146689560	146689911	CHR7		35637095	35637445	9
CHR2		146692442	146692792	CHR7		35641071	35641422	10
CHR2		146697886	146698236	CHR7		35644439	35644789	17
CHR2		146797897	146798247	CHR7		35677332	35677683	17
CHR2		146798828	146799178	CHR7		35678284	35678632	16
CHR2		146960850	146961200	CHR7		35729584	35729935	15
CHR2		147073175	147073504	CHR7		35782526	35782850	16
CHR2		147134015	147134366	CHR7		35803429	35803779	15
CHR2		147260815	147261165	CHR7		35832555	35832905	10
CHR2		147334206	147334556	CHR7		35860392	35860742	17
CHR2		147349460	147349811	CHR7		35864866	35865217	8
CHR2		147382344	147382693	CHR7		35875926	35876276	10
CHR2		147444379	147444685	CHR7		35887888	35888192	15
