chr8	76571555	76571955	chr2	123574324	123574724	400	400	96.50
chr8	76589933	76590294	chr2	123580323	123580683	361	360	95.00
chr8	76749919	76750319	chr2	123667288	123667688	400	400	95.25
chr8	76883738	76884138	chr2	123749806	123750207	400	401	95.00
chr8	76888701	76889102	chr2	123755289	123755690	401	401	95.26
chr8	76960211	76960608	chr2	123794174	123794574	397	400	95.21
chr8	77032016	77032417	chr2	123814525	123814925	401	400	95.00
chr8	77141100	77141500	chr2	123879046	123879445	400	399	95.24
chr8	77142470	77142827	chr2	123880397	123880752	357	355	95.21
chr8	77264722	77265100	chr2	123927658	123928039	378	381	95.24
chr8	77440641	77441041	chr2	124016611	124017011	400	400	96.50
chr8	77441503	77441903	chr2	124017483	124017880	400	397	95.21
chr8	77447520	77447891	chr2	124027858	124028230	371	372	95.15
chr8	77491353	77491750	chr2	124041611	124042011	397	400	95.72
chr8	77577462	77577862	chr2	124084052	124084452	400	400	95.25
chr8	77582172	77582538	chr2	124089300	124089660	366	360	95.00
chr8	77597085	77597485	chr2	124105915	124106316	400	401	98.50
chr8	77598271	77598621	chr2	124107079	124107428	350	349	95.13
chr8	77599355	77599756	chr2	124108200	124108601	401	401	98.50
chr8	77611052	77611452	chr2	124120101	124120501	400	400	96.00
chr8	77612010	77612385	chr2	124121182	124121559	375	377	95.20
chr8	77616282	77616683	chr2	124125703	124126104	401	401	96.01
chr8	77616713	77617114	chr2	124126134	124126535	401	401	96.51
chr8	77617133	77617490	chr2	124126554	124126913	357	359	95.24
chr8	77619525	77619923	chr2	124129163	124129564	398	401	95.23
chr8	77647983	77648384	chr2	124157057	124157458	401	401	96.26
chr8	77687633	77688033	chr2	124175910	124176311	400	401	95.00
chr8	77691062	77691461	chr2	124179279	124179680	399	401	99.00
chr8	77710369	77710769	chr2	124194728	124195128	400	400	95.75
chr8	77712456	77712857	chr2	124196723	124197124	401	401	96.76
chr8	77714307	77714708	chr2	124198569	124198970	401	401	97.51
chr8	77720696	77721081	chr2	124205360	124205747	385	387	95.06
chr8	77722543	77722942	chr2	124207143	124207542	399	399	95.99
chr8	77760037	77760437	chr2	124233456	124233855	400	399	95.24
chr8	77776030	77776431	chr2	124251104	124251505	401	401	96.51
chr8	77777416	77777815	chr2	124252462	124252863	399	401	95.99
chr8	77778050	77778451	chr2	124253139	124253534	401	395	95.70
chr8	77778674	77779033	chr2	124253761	124254125	359	364	95.54
chr8	77779063	77779460	chr2	124254166	124254566	397	400	95.47
chr8	78042922	78043308	chr2	124368416	124368803	386	387	95.08
chr8	78119670	78120046	chr2	124399471	124399847	376	376	95.21
chr8	78173232	78173633	chr2	124423502	124423903	401	401	97.76
chr8	78308359	78308760	chr2	124493845	124494246	401	401	98.25
chr8	78643856	78644256	chr2	124652356	124652753	400	397	95.97
chr8	78921434	78921835	chr2	124763904	124764302	401	398	95.23
chr8	79007037	79007437	chr2	124811418	124811817	400	399	95.24
