h_8.fa	76570000 - 79010000	g_2.fa	123570000 - 124820000
CHR8		76571649	76571900	CHR2		123574418	123574669	4
CHR8		76589933	76590183	CHR2		123580323	123580573	12
CHR8		76591047	76591250	CHR2		123581586	123581788	9
CHR8		76636583	76636833	CHR2		123599078	123599327	12
CHR8		76732843	76733066	CHR2		123653892	123654113	10
CHR8		76733062	76733312	CHR2		123654429	123654678	11
CHR8		76749995	76750246	CHR2		123667364	123667615	11
CHR8		76856875	76857079	CHR2		123731275	123731479	9
CHR8		76883729	76883980	CHR2		123749797	123750048	9
CHR8		76886408	76886658	CHR2		123752858	123753108	12
CHR8		76887967	76888191	CHR2		123754550	123754774	10
CHR8		76888787	76889038	CHR2		123755375	123755626	7
CHR8		76942400	76942624	CHR2		123783680	123783903	11
CHR8		76960272	76960522	CHR2		123794238	123794488	12
CHR8		77032065	77032316	CHR2		123814573	123814824	8
CHR8		77032337	77032587	CHR2		123814845	123815095	12
CHR8		77032618	77032864	CHR2		123815126	123815373	12
CHR8		77140246	77140496	CHR2		123878196	123878446	11
CHR8		77141185	77141436	CHR2		123879130	123879381	9
CHR8		77142439	77142689	CHR2		123880367	123880615	12
CHR8		77234885	77235085	CHR2		123915402	123915602	10
CHR8		77264837	77265087	CHR2		123927775	123928025	11
CHR8		77265414	77265664	CHR2		123928402	123928651	9
CHR8		77314996	77315246	CHR2		123960840	123961087	12
CHR8		77316646	77316896	CHR2		123962513	123962764	10
CHR8		77317798	77318000	CHR2		123963677	123963882	10
CHR8		77363851	77364077	CHR2		123993672	123993898	11
CHR8		77372863	77373114	CHR2		123997470	123997721	9
CHR8		77374953	77375156	CHR2		123999242	123999445	10
CHR8		77437605	77437855	CHR2		124013363	124013613	10
CHR8		77440738	77440989	CHR2		124016708	124016959	8
CHR8		77441512	77441762	CHR2		124017490	124017739	10
CHR8		77441763	77442013	CHR2		124017740	124017990	9
CHR8		77491503	77491750	CHR2		124041761	124042011	12
CHR8		77493348	77493598	CHR2		124043722	124043972	12
CHR8		77493835	77494084	CHR2		124044218	124044467	11
CHR8		77495417	77495632	CHR2		124045861	124046076	10
CHR8		77575798	77576048	CHR2		124082284	124082533	12
CHR8		77577593	77577844	CHR2		124084183	124084434	8
CHR8		77578052	77578302	CHR2		124084633	124084884	10
CHR8		77582213	77582464	CHR2		124089340	124089591	5
CHR8		77587058	77587308	CHR2		124094638	124094886	12
CHR8		77587541	77587788	CHR2		124095107	124095357	11
CHR8		77593439	77593689	CHR2		124101013	124101264	9
CHR8		77597254	77597505	CHR2		124106085	124106336	3
CHR8		77598271	77598521	CHR2		124107079	124107328	12
CHR8		77599211	77599462	CHR2		124108056	124108307	6
CHR8		77599562	77599813	CHR2		124108407	124108658	12
CHR8		77599942	77600192	CHR2		124108784	124109034	12
CHR8		77608090	77608339	CHR2		124117044	124117294	12
CHR8		77608518	77608768	CHR2		124117469	124117719	11
CHR8		77611063	77611314	CHR2		124120112	124120363	5
CHR8		77612123	77612373	CHR2		124121294	124121544	9
CHR8		77616383	77616634	CHR2		124125804	124126055	9
CHR8		77616848	77617099	CHR2		124126269	124126520	5
CHR8		77617164	77617415	CHR2		124126585	124126836	9
CHR8		77618264	77618506	CHR2		124127673	124127915	12
CHR8		77619744	77619991	CHR2		124129381	124129632	10
CHR8		77647855	77648106	CHR2		124156929	124157180	8
CHR8		77648133	77648384	CHR2		124157207	124157458	12
CHR8		77687771	77688022	CHR2		124176049	124176300	12
CHR8		77690856	77691106	CHR2		124179073	124179324	3
CHR8		77691208	77691457	CHR2		124179426	124179676	3
CHR8		77696526	77696761	CHR2		124184877	124185109	11
CHR8		77710430	77710681	CHR2		124194789	124195040	11
CHR8		77710693	77710944	CHR2		124195052	124195302	6
CHR8		77711282	77711525	CHR2		124195636	124195879	12
CHR8		77712411	77712661	CHR2		124196678	124196928	11
CHR8		77714217	77714468	CHR2		124198479	124198730	6
CHR8		77714515	77714765	CHR2		124198777	124199027	11
CHR8		77717118	77717337	CHR2		124201540	124201759	10
CHR8		77720748	77720997	CHR2		124205412	124205662	12
CHR8		77722548	77722798	CHR2		124207147	124207398	7
CHR8		77752516	77752724	CHR2		124225401	124225609	10
CHR8		77753682	77753891	CHR2		124226610	124226819	10
CHR8		77753964	77754188	CHR2		124226909	124227133	11
CHR8		77755100	77755351	CHR2		124227978	124228227	9
CHR8		77755641	77755861	CHR2		124228537	124228757	11
CHR8		77760027	77760278	CHR2		124233446	124233695	12
CHR8		77776089	77776340	CHR2		124251163	124251414	7
CHR8		77776532	77776782	CHR2		124251606	124251856	6
CHR8		77776847	77777097	CHR2		124251893	124252143	11
CHR8		77777562	77777812	CHR2		124252609	124252860	7
CHR8		77778148	77778399	CHR2		124253231	124253482	6
CHR8		77778711	77778979	CHR2		124253806	124254074	0
CHR8		77779120	77779385	CHR2		124254225	124254490	0
CHR8		78042984	78043235	CHR2		124368478	124368728	12
CHR8		78043346	78043596	CHR2		124368841	124369088	12
CHR8		78079503	78079728	CHR2		124384909	124385134	11
CHR8		78119730	78119981	CHR2		124399531	124399782	9
CHR8		78171392	78171643	CHR2		124421451	124421702	6
CHR8		78173227	78173478	CHR2		124423497	124423748	8
CHR8		78245315	78245529	CHR2		124451758	124451972	10
CHR8		78306364	78306605	CHR2		124491820	124492062	12
CHR8		78308435	78308720	CHR2		124493921	124494206	0
CHR8		78314384	78314633	CHR2		124499547	124499797	10
CHR8		78316271	78316522	CHR2		124502494	124502744	8
CHR8		78371156	78371406	CHR2		124536127	124536377	11
CHR8		78371833	78372083	CHR2		124536933	124537184	12
CHR8		78522436	78522685	CHR2		124601166	124601416	12
CHR8		78571543	78571793	CHR2		124628366	124628616	12
CHR8		78643832	78644082	CHR2		124652334	124652582	12
CHR8		78815977	78816219	CHR2		124690760	124691002	12
CHR8		78821871	78822097	CHR2		124698178	124698406	11
CHR8		78915021	78915250	CHR2		124755810	124756039	11
CHR8		78921501	78921751	CHR2		124763969	124764218	11
CHR8		78923596	78923847	CHR2		124766163	124766414	12
CHR8		78993677	78993927	CHR2		124804066	124804316	12
CHR8		79006304	79006506	CHR2		124810679	124810881	10
CHR8		79007041	79007291	CHR2		124811422	124811671	12
