chr8	76571557	76571908	chr2	123574326	123574677	351	351	96.87
chr8	76589933	76590283	chr2	123580323	123580673	350	350	95.43
chr8	76749932	76750283	chr2	123667301	123667652	351	351	96.01
chr8	76883707	76884058	chr2	123749775	123750125	351	350	95.14
chr8	76888695	76889046	chr2	123755283	123755634	351	351	96.58
chr8	76960277	76960627	chr2	123794242	123794593	350	351	96.00
chr8	77032059	77032410	chr2	123814567	123814918	351	351	97.15
chr8	77141187	77141538	chr2	123879132	123879483	351	351	96.01
chr8	77142470	77142821	chr2	123880397	123880746	351	349	95.13
chr8	77264752	77265100	chr2	123927690	123928040	348	350	95.98
chr8	77315045	77315367	chr2	123960886	123961209	322	323	95.03
chr8	77316621	77316946	chr2	123962488	123962814	325	326	95.08
chr8	77372868	77373208	chr2	123997475	123997815	340	340	95.00
chr8	77437599	77437900	chr2	124013357	124013658	301	301	95.02
chr8	77440638	77440988	chr2	124016607	124016958	350	351	96.29
chr8	77441507	77441858	chr2	124017486	124017835	351	349	95.42
chr8	77447517	77447862	chr2	124027855	124028200	345	345	95.07
chr8	77491398	77491747	chr2	124041656	124042007	349	351	95.99
chr8	77577542	77577893	chr2	124084132	124084483	351	351	95.16
chr8	77582180	77582530	chr2	124089307	124089652	350	345	95.94
chr8	77593431	77593738	chr2	124101006	124101312	307	306	95.10
chr8	77597239	77597590	chr2	124106070	124106421	351	351	98.86
chr8	77598271	77598621	chr2	124107079	124107428	350	349	95.13
chr8	77599379	77599730	chr2	124108224	124108575	351	351	98.86
chr8	77599929	77600240	chr2	124108772	124109082	311	310	95.16
chr8	77608524	77608838	chr2	124117475	124117794	314	319	95.22
chr8	77611025	77611375	chr2	124120074	124120424	350	350	98.00
chr8	77612035	77612384	chr2	124121207	124121557	349	350	95.13
chr8	77616173	77616523	chr2	124125593	124125944	350	351	95.43
chr8	77616700	77617051	chr2	124126121	124126472	351	351	96.01
chr8	77617063	77617414	chr2	124126484	124126835	351	351	96.30
chr8	77619738	77620084	chr2	124129376	124129725	346	349	95.09
chr8	77647854	77648205	chr2	124156928	124157279	351	351	96.87
chr8	77687633	77687983	chr2	124175911	124176261	350	350	95.14
chr8	77690793	77691143	chr2	124179010	124179361	350	351	98.86
chr8	77691172	77691518	chr2	124179390	124179740	346	350	95.38
chr8	77710405	77710756	chr2	124194764	124195115	351	351	96.01
chr8	77712523	77712874	chr2	124196790	124197141	351	351	97.44
chr8	77714101	77714452	chr2	124198363	124198714	351	351	97.72
chr8	77720712	77721061	chr2	124205376	124205727	349	351	95.13
chr8	77722503	77722854	chr2	124207103	124207453	351	350	96.00
chr8	77755093	77755417	chr2	124227972	124228292	324	320	95.31
chr8	77760047	77760398	chr2	124233466	124233815	351	349	95.99
chr8	77776054	77776405	chr2	124251128	124251479	351	351	97.44
chr8	77776841	77777191	chr2	124251888	124252237	350	349	95.13
chr8	77777440	77777788	chr2	124252486	124252836	348	350	96.55
chr8	77778163	77778514	chr2	124253246	124253597	351	351	97.72
chr8	77778696	77779046	chr2	124253790	124254140	350	350	95.43
chr8	78042912	78043258	chr2	124368406	124368751	346	345	95.07
chr8	78119685	78120036	chr2	124399486	124399837	351	351	95.16
chr8	78171347	78171695	chr2	124421406	124421754	348	348	95.11
chr8	78173343	78173693	chr2	124423613	124423964	350	351	96.29
chr8	78308424	78308775	chr2	124493910	124494261	351	351	98.01
chr8	78316245	78316548	chr2	124502468	124502771	303	303	95.05
chr8	78371082	78371431	chr2	124536053	124536402	349	349	95.13
chr8	78643849	78644199	chr2	124652348	124652698	350	350	96.29
chr8	78921501	78921851	chr2	124763969	124764318	350	349	96.56
chr8	78923606	78923914	chr2	124766173	124766481	308	308	95.13
chr8	78993682	78994023	chr2	124804072	124804412	341	340	95.00
chr8	79006304	79006651	chr2	124810679	124811026	347	347	95.10
chr8	79007037	79007387	chr2	124811418	124811767	350	349	95.13
