chr8	76571692	76571993	chr2	123574461	123574762	301	301	96.01
chr8	76589933	76590233	chr2	123580323	123580623	300	300	95.33
chr8	76636594	76636861	chr2	123599089	123599356	267	267	95.13
chr8	76733062	76733318	chr2	123654429	123654684	256	255	95.29
chr8	76749931	76750232	chr2	123667300	123667601	301	301	95.68
chr8	76883747	76884048	chr2	123749815	123750116	301	301	95.35
chr8	76886416	76886699	chr2	123752866	123753149	283	283	95.05
chr8	76888657	76888958	chr2	123755246	123755546	301	300	95.00
chr8	76960275	76960575	chr2	123794241	123794541	300	300	96.00
chr8	77032039	77032340	chr2	123814547	123814848	301	301	96.01
chr8	77140255	77140516	chr2	123878205	123878465	261	260	95.00
chr8	77141161	77141461	chr2	123879106	123879406	300	300	96.00
chr8	77142468	77142768	chr2	123880395	123880693	300	298	96.64
chr8	77264741	77265041	chr2	123927678	123927979	300	301	97.33
chr8	77265412	77265694	chr2	123928398	123928682	282	284	95.39
chr8	77316649	77316949	chr2	123962516	123962817	300	301	95.33
chr8	77372834	77373134	chr2	123997441	123997742	300	301	95.00
chr8	77437599	77437899	chr2	124013357	124013657	300	300	95.00
chr8	77440633	77440934	chr2	124016604	124016904	301	300	96.00
chr8	77441508	77441808	chr2	124017486	124017785	300	299	95.32
chr8	77447548	77447848	chr2	124027885	124028186	300	301	95.00
chr8	77491453	77491750	chr2	124041711	124042011	297	300	95.29
chr8	77493315	77493603	chr2	124043690	124043977	288	287	95.12
chr8	77493789	77494064	chr2	124044172	124044447	275	275	95.27
chr8	77575835	77576104	chr2	124082320	124082588	269	268	95.15
chr8	77577545	77577846	chr2	124084135	124084436	301	301	96.68
chr8	77578007	77578302	chr2	124084588	124084884	295	296	95.25
chr8	77582207	77582507	chr2	124089334	124089633	300	299	95.99
chr8	77587028	77587329	chr2	124094608	124094907	301	299	95.32
chr8	77587526	77587798	chr2	124095092	124095367	272	275	95.22
chr8	77593433	77593733	chr2	124101008	124101308	300	300	95.33
chr8	77597264	77597565	chr2	124106095	124106396	301	301	98.67
chr8	77598275	77598573	chr2	124107082	124107380	298	298	96.31
chr8	77599247	77599548	chr2	124108092	124108393	301	301	98.67
chr8	77599961	77600261	chr2	124108802	124109103	300	301	95.00
chr8	77608048	77608334	chr2	124117001	124117289	286	288	95.10
chr8	77608523	77608795	chr2	124117473	124117750	272	277	95.59
chr8	77610997	77611297	chr2	124120048	124120346	300	298	95.30
chr8	77612081	77612381	chr2	124121253	124121554	300	301	95.00
chr8	77616333	77616634	chr2	124125754	124126055	301	301	96.68
chr8	77616793	77617094	chr2	124126214	124126515	301	301	96.35
chr8	77617109	77617410	chr2	124126530	124126831	301	301	96.01
chr8	77619760	77620061	chr2	124129402	124129702	301	300	96.33
chr8	77647900	77648200	chr2	124156974	124157274	300	300	97.33
chr8	77687635	77687935	chr2	124175913	124176213	300	300	95.00
chr8	77690860	77691160	chr2	124179077	124179378	300	301	99.00
chr8	77691200	77691498	chr2	124179418	124179718	298	300	97.65
chr8	77710442	77710743	chr2	124194801	124195102	301	301	97.01
chr8	77711259	77711525	chr2	124195613	124195879	266	266	95.11
chr8	77712391	77712692	chr2	124196658	124196959	301	301	95.35
chr8	77712827	77713121	chr2	124197094	124197394	294	300	95.24
chr8	77714081	77714382	chr2	124198343	124198644	301	301	97.34
chr8	77714437	77714737	chr2	124198699	124198999	300	300	97.00
chr8	77720703	77721002	chr2	124205367	124205667	299	300	95.65
chr8	77722509	77722810	chr2	124207109	124207410	301	301	96.68
chr8	77753637	77753891	chr2	124226565	124226819	254	254	95.28
chr8	77753966	77754234	chr2	124226911	124227179	268	268	95.15
chr8	77755102	77755402	chr2	124227980	124228278	300	298	96.64
chr8	77760004	77760305	chr2	124233423	124233722	301	299	95.32
chr8	77776044	77776345	chr2	124251118	124251419	301	301	96.68
chr8	77776528	77776828	chr2	124251602	124251902	300	300	97.67
chr8	77776847	77777147	chr2	124251893	124252193	300	300	96.33
chr8	77777373	77777674	chr2	124252420	124252721	301	301	95.35
chr8	77778083	77778383	chr2	124253170	124253466	300	296	95.27
chr8	77778696	77778994	chr2	124253790	124254089	298	299	97.99
chr8	77779262	77779559	chr2	124254367	124254667	297	300	95.29
chr8	78042902	78043195	chr2	124368396	124368688	293	292	95.21
chr8	78043346	78043598	chr2	124368841	124369090	252	249	95.18
chr8	78119688	78119988	chr2	124399489	124399789	300	300	95.00
chr8	78171350	78171651	chr2	124421409	124421710	301	301	96.01
chr8	78173202	78173503	chr2	124423472	124423773	301	301	96.68
chr8	78308427	78308727	chr2	124493913	124494213	300	300	98.67
chr8	78314378	78314642	chr2	124499540	124499805	264	265	95.08
chr8	78316246	78316547	chr2	124502469	124502769	301	300	95.33
chr8	78371118	78371418	chr2	124536089	124536389	300	300	95.00
chr8	78371797	78372080	chr2	124536897	124537180	283	283	95.05
chr8	78522439	78522734	chr2	124601168	124601467	295	299	95.25
chr8	78571543	78571804	chr2	124628366	124628627	261	261	95.02
chr8	78643849	78644148	chr2	124652348	124652648	299	300	97.66
chr8	78921475	78921776	chr2	124763943	124764243	301	300	95.67
chr8	78923606	78923906	chr2	124766173	124766473	300	300	95.00
chr8	78993742	78994042	chr2	124804132	124804432	300	300	95.00
chr8	79006343	79006643	chr2	124810718	124811018	300	300	95.00
chr8	79007088	79007389	chr2	124811468	124811769	301	301	96.01
