chr8	76571531	76571986	chr2	123574300	123574755	455	455	95.16
chr8	77032064	77032565	chr2	123814572	123815073	501	501	96.61
chr8	77440641	77441132	chr2	124016611	124017104	491	493	95.11
chr8	77441482	77441982	chr2	124017461	124017959	500	498	95.58
chr8	77491292	77491748	chr2	124041549	124042008	456	459	95.18
chr8	77597070	77597571	chr2	124105901	124106402	501	501	97.80
chr8	77599190	77599691	chr2	124108035	124108536	501	501	98.40
chr8	77616192	77616693	chr2	124125613	124126114	501	501	96.21
chr8	77616704	77617205	chr2	124126125	124126626	501	501	96.41
chr8	77619744	77620231	chr2	124129382	124129872	487	490	95.07
chr8	77647887	77648386	chr2	124156961	124157461	499	500	95.99
chr8	77691055	77691556	chr2	124179272	124179770	501	498	96.18
chr8	77710382	77710882	chr2	124194741	124195241	500	500	96.80
chr8	77712379	77712879	chr2	124196646	124197146	500	500	95.80
chr8	77714127	77714628	chr2	124198389	124198890	501	501	98.20
chr8	77722507	77723003	chr2	124207107	124207599	496	492	95.12
chr8	77776061	77776562	chr2	124251135	124251636	501	501	98.00
chr8	77776833	77777333	chr2	124251883	124252379	500	496	95.36
chr8	77777368	77777867	chr2	124252414	124252915	499	501	95.79
chr8	77777950	77778450	chr2	124253038	124253533	500	495	95.56
chr8	78042922	78043421	chr2	124368416	124368916	499	500	95.19
chr8	78173204	78173704	chr2	124423474	124423975	500	501	95.00
chr8	78308326	78308821	chr2	124493812	124494312	495	500	95.35
chr8	78643849	78644335	chr2	124652349	124652832	486	483	95.03
chr8	78921394	78921894	chr2	124763862	124764361	500	499	95.39
chr8	79007049	79007519	chr2	124811429	124811900	470	471	95.11
