chr8	76571547	76571996	chr2	123574317	123574764	449	447	95.08
chr8	76749915	76750327	chr2	123667284	123667696	412	412	95.15
chr8	76883689	76884138	chr2	123749757	123750206	449	449	95.10
chr8	76888712	76889114	chr2	123755300	123755703	402	403	95.02
chr8	76960221	76960632	chr2	123794184	123794598	411	414	95.38
chr8	77032119	77032570	chr2	123814627	123815078	451	451	96.45
chr8	77141100	77141524	chr2	123879046	123879469	424	423	95.51
chr8	77316655	77317069	chr2	123962522	123962938	414	416	95.17
chr8	77440685	77441134	chr2	124016655	124017106	449	451	95.10
chr8	77441484	77441935	chr2	124017463	124017912	451	449	95.32
chr8	77491304	77491750	chr2	124041561	124042011	446	450	95.29
chr8	77577531	77577962	chr2	124084121	124084549	431	428	95.09
chr8	77597287	77597737	chr2	124106118	124106569	450	451	95.11
chr8	77599349	77599800	chr2	124108194	124108645	451	451	96.90
chr8	77611005	77611452	chr2	124120054	124120501	447	447	95.30
chr8	77616194	77616644	chr2	124125615	124126065	450	450	97.56
chr8	77616689	77617140	chr2	124126110	124126561	451	451	95.57
chr8	77619537	77619984	chr2	124129174	124129625	447	451	95.08
chr8	77647859	77648310	chr2	124156933	124157384	451	451	96.90
chr8	77687635	77688053	chr2	124175913	124176332	418	419	95.22
chr8	77691081	77691530	chr2	124179299	124179749	449	450	95.55
chr8	77710433	77710884	chr2	124194792	124195243	451	451	96.90
chr8	77712403	77712854	chr2	124196670	124197121	451	451	96.01
chr8	77714041	77714492	chr2	124198304	124198754	451	450	95.11
chr8	77722548	77722998	chr2	124207147	124207594	450	447	95.53
chr8	77760080	77760529	chr2	124233499	124233946	449	447	95.08
chr8	77775988	77776439	chr2	124251062	124251513	451	451	95.34
chr8	77777047	77777498	chr2	124252093	124252544	451	451	96.67
chr8	77777514	77777962	chr2	124252561	124253011	448	450	95.09
chr8	77777952	77778403	chr2	124253041	124253486	451	445	95.28
chr8	77779131	77779575	chr2	124254236	124254686	444	450	95.05
chr8	78042981	78043430	chr2	124368475	124368925	449	450	95.10
chr8	78173254	78173704	chr2	124423524	124423974	450	450	95.78
chr8	78308313	78308763	chr2	124493800	124494249	450	449	97.77
chr8	78643847	78644297	chr2	124652347	124652794	450	447	95.30
chr8	78921393	78921843	chr2	124763861	124764310	450	449	95.10
chr8	79007037	79007458	chr2	124811418	124811838	421	420	95.00
