# s. id,	s. start,	s. end,	strand,	q. start,	q. end,	bit score	e-value	%identity
track name="chr8" description="empty"
chr8	67344	67677	+	379828	380171	147	4.8e-32	64.66
chr8	103247	103438	+	386117	386307	164	2.9e-37	79.58
chr8	153750	153795	-	1259910	1259955	46	0.12	88.89
chr8	212571	212702	-	1260781	1260916	70.7	4.2e-09	66.91
chr8	217926	218114	+	436423	436611	107	5.6e-20	53.85
chr8	221891	221999	-	1315432	1315540	50.2	0.006	66.36
chr8	224276	224598	+	440402	440724	230	4.1e-57	75.54
chr8	258395	258525	+	455383	455510	46	0.12	63.08
chr8	281324	281712	+	457013	457397	308	2.2e-80	79.49
chr8	301922	302147	+	466961	467188	137	3.9e-29	70.61
chr8	315417	315717	+	473069	473372	185	2e-43	69.74
chr8	319529	319959	+	476091	476517	161	2.1e-36	48.76
chr8	372725	372932	+	491826	492033	128	2.2e-26	61.68
chr8	447948	448104	+	513676	513831	96.3	8.3e-17	74.52
chr8	451944	452333	+	515905	516265	136	1.3e-28	70.05
chr8	456021	456231	+	519133	519346	149	1.2e-32	45.54
chr8	459812	459927	+	521273	521388	125	2.3e-25	88.70
chr8	463598	463738	+	524743	524884	120	7.9e-24	78.01
chr8	465266	465442	+	528635	528814	191	2.6e-45	87.71
chr8	470719	470912	+	531463	531656	153	6.3e-34	76.17
chr8	471015	471286	+	531825	532096	236	6.5e-59	78.97
chr8	476196	476266	+	533053	533124	69.6	9.1e-09	83.10
chr8	478907	479033	+	536817	536946	71.3	2.8e-09	73.08
chr8	480548	480597	+	1095378	1095427	40.9	4	79.59
chr8	516961	517179	+	545941	546163	153	9.4e-34	76.23
chr8	522850	523107	+	554629	554886	197	2.8e-47	77.61
chr8	558271	558728	+	565494	565961	370	2.7e-99	80.68
chr8	567399	567443	-	499792	499836	42	1.8	81.82
chr8	571167	572063	+	573916	574832	696	3.4e-197	79.81
chr8	572261	572451	+	575002	575190	95.4	1.5e-16	71.28
chr8	589903	590388	+	580294	580794	503	2.4e-139	87.05
chr8	591026	591410	+	581565	581948	408	1.3e-110	89.35
chr8	593776	593842	+	584547	584614	52.8	0.001	79.71
chr8	608254	608427	+	591264	591436	92.6	1.1e-15	66.09
chr8	613604	614193	+	592699	593312	447	2.1e-122	77.83
chr8	636308	637270	+	598803	599778	739	2.2e-210	78.88
chr8	641163	641263	+	603047	603147	78.7	1.7e-11	76.00
chr8	644309	644592	+	604585	604875	251	2.8e-63	83.67
chr8	654196	654689	+	614517	615011	116	1.3e-22	64.61
chr8	664842	665039	+	616623	616820	168	2.7e-38	79.80
chr8	683248	683356	+	813678	813790	46.3	0.095	69.83
chr8	685340	685707	+	619389	619761	290	3.6e-75	78.07
chr8	702477	702843	+	630544	630916	285	1.5e-73	78.88
chr8	707319	707486	+	634943	635110	132	2e-27	79.88
chr8	707629	707800	+	635293	635464	143	7.6e-31	80.12
chr8	717077	717586	+	638916	639427	285	1.5e-73	72.99
chr8	732732	733069	+	653783	654118	335	1.1e-88	86.05
chr8	733067	733323	+	654434	654689	305	1.3e-79	95.31
chr8	749874	750420	+	667245	667788	589	2.8e-165	89.74
chr8	762658	762717	+	897936	897996	44.6	0.31	73.77
chr8	764764	765237	+	694451	694925	270	4.3e-69	71.04
chr8	823324	823475	-	721963	722115	75.8	1.2e-10	67.11
chr8	832834	833090	-	1866033	1866295	51.9	0.0018	58.82
chr8	855041	855084	+	729843	729886	45.4	0.17	83.72
chr8	856738	857535	+	731137	731938	697	1.5e-197	81.71
chr8	883090	884267	+	749206	750345	755	4.4e-215	77.31
chr8	884431	884741	+	750585	750896	246	8e-62	79.17
chr8	886388	886753	+	752838	753202	416	6.6e-113	90.96
chr8	887953	889694	+	754536	756273	1.28e+03	0	77.21
chr8	941855	942669	+	783162	783951	569	4.1e-159	79.49
chr8	950360	950491	+	792022	792154	63.6	5.7e-07	66.67
chr8	960151	960698	+	794114	794660	609	4.3e-171	91.64
chr8	960905	961107	+	794882	795085	147	4e-32	75.86
chr8	982194	982273	+	604074	604143	50.5	0.0049	75.95
chr8	985140	985723	+	800126	800712	312	1.1e-81	69.51
chr8	987883	988798	+	801168	802062	512	7.8e-142	72.14
chr8	1012753	1012959	+	808641	808850	109	1.4e-20	69.19
chr8	1031439	1031572	+	813920	814056	88.6	1.7e-14	76.81
chr8	1031958	1033853	+	814466	816340	1.59e+03	0	83.18
chr8	1034444	1034722	+	816922	817198	218	1.6e-53	64.89
chr8	1040291	1040557	+	825419	825712	124	2.8e-25	67.68
chr8	1042703	1042787	-	604066	604149	56.8	6.5e-05	76.19
chr8	1068061	1068169	+	829831	829939	43.4	0.68	61.11
chr8	1074453	1074540	+	831683	831771	51.9	0.0018	71.59
chr8	1085099	1085442	+	838374	838728	151	3.7e-33	65.45
chr8	1092450	1092582	+	672967	673102	49.4	0.011	55.56
chr8	1108617	1108665	+	860319	860367	50.8	0.0041	83.33
chr8	1136516	1136939	+	874331	874752	296	4.7e-77	61.54
chr8	1140125	1140595	+	878076	878544	507	1.8e-140	89.17
chr8	1140971	1141055	+	878966	879050	46.8	0.064	70.93
chr8	1141069	1141679	+	879015	879622	593	2.6e-166	87.91
chr8	1142374	1142974	+	880300	880898	541	8.1e-151	82.39
chr8	1150395	1150482	-	604066	604153	72.4	1.3e-09	79.31
chr8	1150870	1151415	+	885143	885693	386	5.2e-104	74.82
chr8	1199539	1199702	+	891442	891608	126	8.5e-26	77.11
chr8	1215737	1215896	-	125520	125683	76.7	6.6e-11	63.80
chr8	1234831	1235181	+	915341	915696	332	9.5e-88	84.72
chr8	1257559	1257611	+	921730	921783	45.7	0.14	83.02
chr8	1263976	1264167	+	926826	927018	170	6.9e-39	81.77
chr8	1264601	1266190	+	927536	929185	772	3.2e-220	79.55
chr8	1282812	1283276	+	935097	935563	345	9e-92	68.23
chr8	1296948	1296998	+	1839086	1839136	40	7.2	78.00
chr8	1296868	1297019	+	604002	604147	49.1	0.013	65.36
chr8	1308162	1308614	+	957284	957740	396	6.4e-107	81.92
chr8	1313864	1314362	+	959732	960220	387	2.9e-104	78.16
chr8	1314865	1318042	+	960710	963923	2.36e+03	0	79.60
chr8	1346880	1347139	+	978734	978989	232	8.5e-58	83.40
chr8	1348023	1348347	+	979868	980189	331	1.7e-87	89.57
chr8	1360667	1360741	-	813703	813778	50.8	0.0041	77.63
chr8	1362715	1363192	+	992592	993071	337	2.2e-89	75.21
chr8	1363518	1364244	+	993374	994066	504	1.1e-139	78.22
chr8	1372741	1373827	+	997347	998442	986	1.4e-284	82.97
chr8	1374589	1375258	+	998875	999549	584	1.8e-163	81.54
chr8	1375990	1376238	+	1005868	1006118	148	1.8e-32	71.83
chr8	1437383	1437921	+	1013141	1013678	508	1e-140	85.58
chr8	1438252	1438546	+	1014076	1014366	296	5.7e-77	86.73
chr8	1439740	1440145	+	1015750	1016171	392	8.3e-106	83.89
chr8	1440576	1442177	+	1016541	1018154	1.35e+03	0	81.22
chr8	1442315	1442794	+	1018272	1018758	172	1.7e-39	61.57
chr8	1447270	1448022	+	1027610	1028363	840	1.4e-240	89.80
chr8	1491227	1491753	+	1041484	1042013	592	3.9e-166	91.49
chr8	1492571	1492870	+	1042910	1043212	286	4.7e-74	84.11
chr8	1493144	1494179	+	1043517	1044562	1.17e+03	0	90.16
chr8	1495141	1495421	+	1045549	1045838	228	1.3e-56	74.15
chr8	1494824	1495806	+	1045275	1046245	482	6.2e-133	67.70
chr8	1498972	1499468	+	1047295	1047792	365	9.2e-98	75.75
chr8	1519360	1519521	+	1052754	1052913	81.5	2.3e-12	68.71
chr8	1533139	1533251	+	1066263	1066379	65.6	1.4e-07	62.07
chr8	1548183	1548271	-	1219035	1219123	42	1.8	67.05
chr8	1567887	1567936	+	973858	973907	41.4	2.7	79.59
chr8	1574973	1575472	+	1081499	1082008	331	1.7e-87	67.70
chr8	1575808	1576159	+	1082293	1082644	367	3.4e-98	89.49
chr8	1576472	1577108	+	1082988	1083627	374	2.5e-100	71.80
chr8	1577412	1578344	+	1084005	1084925	1.02e+03	7.3e-296	90.77
chr8	1582148	1582689	+	1089275	1089813	506	4e-140	84.01
chr8	1586201	1586674	+	1093719	1094189	234	2.6e-58	65.35
chr8	1586956	1587898	+	1094537	1095467	793	1.8e-226	83.19
chr8	1587983	1588035	+	1095578	1095630	42.8	1	76.92
chr8	1588508	1588791	+	1096117	1096396	181	3.2e-42	70.83
chr8	1589475	1589776	+	1097057	1097355	259	1.1e-65	79.80
chr8	1590173	1590454	+	1097798	1098079	87.8	3e-14	58.72
chr8	1590922	1591186	+	1098495	1098787	143	7.6e-31	68.71
chr8	1592351	1592505	+	1099813	1099967	153	6.3e-34	86.36
chr8	1593101	1593463	+	1100666	1101017	97.7	3.1e-17	57.91
chr8	1593333	1593464	+	1100875	1101006	112	1.3e-21	77.44
chr8	1593411	1594251	+	1100983	1101826	721	1e-204	81.55
chr8	1594888	1594951	+	1103535	1103599	54.8	0.00026	76.56
chr8	1595265	1595438	+	1104130	1104303	80.9	3.4e-12	69.10
chr8	1595568	1595823	+	1104294	1104553	123	6.1e-25	64.62
chr8	1595937	1596281	+	1104753	1105100	314	2.8e-82	81.92
chr8	1596505	1600427	+	1105309	1109271	2.83e+03	0	82.62
chr8	1600818	1601005	+	1109727	1109914	155	1.6e-34	78.61
chr8	1601409	1601713	+	1110353	1110655	234	3.2e-58	79.22
chr8	1605949	1606390	+	1113696	1114138	442	8.8e-121	84.88
chr8	1606759	1606890	+	1114467	1114597	119	1.2e-23	80.15
chr8	1607078	1607367	+	1114695	1114979	304	3.4e-79	86.51
chr8	1607828	1608903	+	1116774	1117862	1.06e+03	3e-307	86.94
chr8	1609744	1610346	+	1118846	1119447	328	1.2e-86	62.21
chr8	1611010	1612950	+	1120059	1122155	1.15e+03	0	77.24
chr8	1614217	1614728	+	1123683	1124157	239	1.1e-59	67.30
chr8	1614994	1618942	+	1124432	1128351	4.04e+03	0	85.25
chr8	1619457	1620365	+	1129096	1130006	1.05e+03	1e-302	90.90
chr8	1620917	1621346	+	1130530	1130963	388	1.1e-104	84.56
chr8	1621763	1621873	+	1132745	1132854	93.7	4.9e-16	81.82
chr8	1623077	1623466	+	1134125	1134513	371	1.2e-99	86.19
chr8	1624081	1625091	+	1135231	1136192	443	2.7e-121	65.23
chr8	1639299	1639516	+	1147049	1147261	165	1.6e-37	74.31
chr8	1639950	1640245	+	1147712	1148007	328	1.2e-86	90.24
chr8	1641051	1641104	+	1148768	1148821	43.7	0.56	79.25
chr8	1645915	1646876	+	1154697	1155696	660	1.7e-186	72.78
chr8	1647774	1648454	+	1156846	1157527	717	8.7e-204	85.82
chr8	1662146	1662493	+	1166369	1166731	203	5.5e-49	73.02
chr8	1671577	1671854	+	1168269	1168545	192	1.2e-45	72.40
chr8	1687329	1688134	+	1175608	1176408	720	1.8e-204	82.35
chr8	1689171	1689972	+	1177456	1178253	574	1.2e-160	78.32
chr8	1690393	1691750	+	1178657	1179965	1.43e+03	0	88.46
chr8	1691812	1691933	+	1180040	1180163	75.8	1.2e-10	37.80
chr8	1691880	1692167	+	1180173	1180449	201	3.2e-48	71.13
chr8	1692609	1692967	+	1180956	1181312	241	2.3e-60	74.44
chr8	1693817	1694659	+	1182185	1183008	663	2.9e-187	80.90
chr8	1694981	1695351	+	1183360	1183732	208	1.9e-50	60.74
chr8	1696063	1696337	+	1184438	1184709	153	9.4e-34	70.40
chr8	1696474	1696912	+	1184823	1185261	429	4.2e-117	86.17
chr8	1697701	1697876	+	1186259	1186428	139	1.5e-29	80.57
chr8	1704375	1705342	+	1190397	1191345	551	1.5e-153	71.40
chr8	1712123	1712311	+	1196427	1196615	116	1.3e-22	70.83
chr8	1709752	1715039	+	1194202	1199296	3.1e+03	0	79.10
chr8	1717076	1717371	+	1201498	1201793	340	3.8e-90	91.55
chr8	1718146	1718375	+	1202578	1202808	162	1.4e-36	75.32
chr8	1719052	1719451	+	1203446	1203833	292	1.1e-75	77.11
chr8	1720635	1721098	+	1205299	1205764	520	2.1e-144	91.18
chr8	1722443	1723933	+	1207045	1208511	1.21e+03	0	79.58
chr8	1724481	1724722	+	1209122	1209362	115	1.5e-22	71.14
chr8	1752242	1756095	+	1225123	1228989	1.01e+03	4.9e-293	74.37
chr8	1757291	1758069	+	1230550	1231320	604	1.5e-169	80.15
chr8	1759965	1760635	+	1233385	1234054	688	5.7e-195	88.10
chr8	1760941	1761374	+	1234360	1234797	185	1.7e-43	66.44
chr8	1761715	1761977	+	1234904	1235166	269	1.1e-68	84.73
chr8	1762472	1762609	+	1237790	1237927	153	7.7e-34	86.86
chr8	1765142	1765353	+	1240075	1240288	133	6.2e-28	65.92
chr8	1765157	1765390	+	1240195	1240431	71.6	2.3e-09	57.32
chr8	1765247	1765463	+	1240039	1240255	72.1	1.6e-09	58.64
chr8	1765271	1765464	+	1240081	1240272	67	5.4e-08	58.59
chr8	1763112	1768557	+	1238054	1243480	4.9e+03	0	80.31
chr8	1774313	1774483	+	1249258	1249429	98.6	1.7e-17	42.20
chr8	1775394	1775484	+	1240179	1240270	51.1	0.0033	62.64
chr8	1775403	1775490	+	1240065	1240150	52.2	0.0015	64.37
chr8	1779051	1779096	+	1254123	1254168	56.5	7.9e-05	95.56
chr8	1775294	1779563	+	1250335	1254670	4.89e+03	0	91.69
chr8	1780530	1780719	+	1255833	1256024	150	4.5e-33	76.96
chr8	1825000	1825238	+	1267824	1268063	168	1.8e-38	74.48
chr8	1868259	1868339	-	1362238	1362318	39.7	8.8	65.00
chr8	1869197	1869375	+	1281315	1281490	62.2	1.5e-06	62.57
chr8	1880670	1881116	+	1289638	1290147	339	5.6e-90	74.31
chr8	1895507	1896457	+	1296187	1297140	671	1.1e-189	72.93
chr8	1906476	1906915	+	1302615	1303055	350	4.7e-93	79.68
chr8	1984985	1985209	+	1348381	1348601	201	2.2e-48	84.44
chr8	2035269	2035736	+	1362598	1363066	465	8.5e-128	87.47
chr8	2042703	2043850	+	1368200	1369325	1.1e+03	0	86.40
chr8	2065274	2065629	+	1377080	1377427	197	3.5e-47	70.31
chr8	2078461	2078772	+	1383828	1384141	289	6.5e-75	82.43
chr8	2079124	2079988	+	1384526	1385394	839	1.7e-240	84.96
chr8	2119600	2120066	+	1399401	1399870	537	2.3e-149	92.32
chr8	2120507	2120742	+	1400241	1400477	199	1.1e-47	80.08
chr8	2145645	2146107	+	1412943	1413403	262	1.1e-66	72.52
chr8	2149777	2149949	+	21661	21834	46	0.12	46.59
chr8	2171327	2171805	+	1421386	1421864	513	3.6e-142	87.66
chr8	2173194	2173701	+	1423463	1423972	611	1.1e-171	95.28
chr8	2173977	2174278	+	1424267	1424568	214	3.8e-52	76.97
chr8	2206213	2206321	-	216276	216384	55.9	0.00012	68.81
chr8	2221537	2221972	-	1443150	1443584	408	9.1e-111	84.63
chr8	2245083	2245560	+	1451529	1452003	482	6.2e-133	87.03
chr8	2270776	2270887	-	1869803	1869914	43.7	0.56	62.61
chr8	2304666	2305074	+	1490199	1490604	208	1.9e-50	70.60
chr8	2306324	2306670	+	1491780	1492129	354	2e-94	88.60
chr8	2307112	2307530	+	1492611	1493028	238	2e-59	73.18
chr8	2308183	2308834	+	1493670	1494320	698	5.7e-198	89.57
chr8	2310552	2310725	+	1495851	1496034	136	1.3e-28	70.11
chr8	2311185	2311401	+	1496560	1496779	228	2.4e-56	87.73
chr8	2314356	2314750	+	1499518	1499913	362	6.6e-97	82.87
chr8	2316149	2316586	+	1502372	1502806	451	1.6e-123	88.13
chr8	2318020	2318291	+	1504254	1504523	218	1.6e-53	79.04
chr8	2355713	2355812	+	297621	297719	48.5	0.02	69.61
chr8	2370617	2371501	+	1535591	1536470	895	3.5e-257	87.13
chr8	2371683	2372158	+	1536784	1537260	411	1.5e-111	82.01
chr8	2405822	2406303	+	1558820	1559297	428	9.3e-117	82.96
chr8	2429193	2429341	+	1578954	1579103	82.4	1.3e-12	70.20
chr8	2431185	2431244	+	973869	973927	44.8	0.25	79.66
chr8	2453967	2454150	+	1589304	1589488	101	2.4e-18	68.65
chr8	2522349	2522779	+	1601078	1601517	393	3.8e-106	85.23
chr8	2523152	2523351	+	1602195	1602395	156	8.8e-35	77.50
chr8	2524055	2524664	+	1603171	1603767	494	1.9e-136	80.03
chr8	2531370	2531782	+	1606296	1606709	427	2e-116	86.75
chr8	2545661	2545805	+	1615741	1615886	87.8	3e-14	65.54
chr8	2571075	2571895	+	1627903	1628719	587	1.4e-164	77.01
chr8	2623123	2623272	+	1636786	1636933	127	4.7e-26	82.00
chr8	2623316	2623370	-	1018783	1018836	42.3	1.5	77.78
chr8	2632973	2633541	+	1642723	1643295	321	2.5e-84	65.25
chr8	2642682	2643415	+	1651069	1651861	453	2.7e-124	75.78
chr8	2643727	2644366	+	1652238	1652864	664	1.1e-187	90.02
chr8	2666242	2666709	+	1658070	1658536	398	1.3e-107	81.57
chr8	2679058	2679160	+	1664125	1664227	48.2	0.024	73.58
chr8	2679054	2679162	+	1666046	1666155	67	5.4e-08	72.48
chr8	2691471	2691753	+	1666926	1667196	153	6.3e-34	71.63
chr8	2694561	2694706	+	1668104	1668247	122	2e-24	80.00
chr8	2777866	2778631	+	1678371	1679151	564	1.2e-157	77.82
chr8	2789191	2789302	+	1682608	1682720	75.3	1.8e-10	73.45
chr8	2814701	2815402	+	1689488	1690190	503	2.4e-139	75.74
chr8	2815848	2816460	+	1690630	1691248	554	1.1e-154	82.55
chr8	2817498	2817745	+	1693710	1693956	189	8.6e-45	75.71
chr8	2818128	2818964	+	1694390	1695230	680	1.7e-192	80.19
chr8	2819470	2820199	+	1695862	1696602	276	5.6e-71	70.41
chr8	2821413	2822430	+	1697722	1698748	707	1.3e-200	76.59
chr8	2832920	2833002	-	1305612	1305692	43.4	0.68	70.73
chr8	2865286	2866209	+	1728988	1729929	688	4.7e-195	79.66
chr8	2875080	2875430	+	1741947	1742299	178	1.9e-41	47.18
chr8	2880689	2880758	+	973866	973935	41.4	2.7	69.57
chr8	2914701	2915476	+	1755497	1756266	591	7.1e-166	78.43
chr8	2918055	2918104	+	1760067	1760116	41.7	2.2	77.55
chr8	2918617	2919086	+	1760845	1761315	239	7.5e-60	57.62
chr8	2919923	2920231	+	1762240	1762548	288	1.7e-74	84.14
chr8	2921057	2922435	+	1763512	1764885	1.16e+03	0	83.01
chr8	2923093	2923235	+	1765587	1765728	80.9	3.4e-12	68.97
chr8	2923500	2924287	+	1766067	1766890	484	1.9e-133	75.15
chr8	2924680	2924765	-	578837	578922	46	0.12	68.60
chr8	2932018	2932122	-	604066	604174	55.4	0.00017	62.96
chr8	2938246	2938445	+	1774069	1774267	152	1.4e-33	76.00
chr8	2942858	2943042	+	1781317	1781505	129	1.2e-26	75.66
chr8	2957027	2957382	+	1789730	1790083	201	1.8e-48	71.75
chr8	2985685	2986498	+	1799400	1800231	648	8e-183	78.73
chr8	2986612	2986839	+	1800358	1800582	145	1.3e-31	74.24
chr8	2993610	2994475	+	1803997	1804894	701	9.7e-199	79.13
chr8	2995918	2996147	+	1805862	1806087	151	2.5e-33	71.86
chr8	3006210	3007536	+	1810584	1811917	1.47e+03	0	91.15
chr8	3037188	3037629	+	1825086	1825529	301	2e-78	74.06
chr8	3044815	3045341	+	1832000	1832522	416	3.6e-113	78.26
chr8	3052002	3052276	+	1836075	1836351	185	1.7e-43	74.46
chr8	3057549	3057918	+	1838555	1838923	167	4.1e-38	64.38
chr8	3083917	3084077	-	1846168	1846329	84.6	2.7e-13	68.32
chr8	3086251	3086338	-	1845742	1845829	86.9	5.5e-14	86.21
chr8	3119204	3119321	-	604062	604175	61.3	2.8e-06	68.38
chr8	3119362	3119430	-	615682	615752	45.1	0.21	75.71
chr8	3120308	3120443	+	1857207	1857342	73	8.6e-10	69.12
chr8	3122417	3122577	+	1861563	1861724	103	7.3e-19	71.60
chr8	3126816	3127150	+	1864650	1864985	200	5.9e-48	71.72
chr8	3134244	3134893	+	1867006	1867652	332	9.5e-88	62.97
chr8	3141615	3141869	+	1868630	1868880	150	5.5e-33	71.88
chr8	3142766	3142846	+	1869995	1870075	44.8	0.25	66.25
chr8	3143395	3143526	+	1871455	1871584	90.6	4.2e-15	75.19
chr8	3144858	3145183	+	1873325	1873654	241	2.3e-60	64.65
chr8	3146643	3146781	+	1874211	1874351	103	6e-19	76.43
chr8	3158107	3158711	+	1890092	1890651	135	1.6e-28	61.25
chr8	3162308	3162588	+	1892915	1893214	95.2	1.8e-16	66.33
chr8	3163763	3163873	-	604052	604158	58.5	2e-05	70.00
chr8	3164218	3165624	+	1894784	1896191	1.06e+03	1.1e-305	78.54
chr8	3215102	3215624	+	1924653	1925176	418	1.7e-113	79.25
chr8	3215792	3216000	+	1925308	1925516	90	6.3e-15	67.91
chr8	3221160	3221203	-	1839086	1839129	47.7	0.035	90.70
chr8	3221096	3221215	-	604059	604174	57.1	5.3e-05	70.87
chr8	3261052	3261389	+	1944733	1945071	319	8.2e-84	84.37
chr8	3261956	3262030	-	1463873	1463950	43.1	0.83	51.95
chr8	3276668	3276826	+	1947240	1947400	84.6	2.7e-13	70.00
chr8	3315207	3315287	+	1964640	1964721	42.8	1	69.14
chr8	3319154	3319336	+	1973435	1973625	88.6	1.7e-14	67.88
chr8	3321884	3322023	+	1974537	1974678	74.1	3.9e-10	54.23
chr8	3340962	3341094	-	604027	604159	45.7	0.14	53.73
chr8	3428007	3428085	-	961776	961853	42.3	1.5	62.82
chr8	3621869	3621931	-	553002	553067	57.1	5.3e-05	80.00
chr8	3836639	3836705	+	803955	804024	45.4	0.17	57.97
