			UCNEBase				YASS			
Gene	gene id		start ref	end ref	start query	end query	ref start	ref end	query start	query end 
ZFHX4_Achilles  	33234		76571590	76571972	123574359	123574741	76576818	76576882	124089714	124089776
ZFHX4_Adela	33239		76636322	76636533	123598817	123599028	76577022	76577101	124418813	124418889
ZFHX4_Aida	33240		76636595	76636836	123599090	123599331	76579307	76579385	124134648	124134729
ZFHX4_Akiko_1	33244		76732854	76733062	123653903	123654111	76594052	76594134	124772080	124772164
ZFHX4_Akiko_2	33245		76733063	76733294	123654430	123654661	76610417	76610501	123932817	123932900
ZFHX4_Alexander	33246		76749917	76750136	123667286	123667505	76637528	76637613	124743039	124743125
ZFHX4_Alice	33251		76883690	76884036	123749758	123750104	76641107	76641184	124572797	124572877
ZFHX4_Amadeus	33254		76886443	76886687	123752893	123753137	76641779	76641856	124306080	124306156
ZFHX4_Amanda	33256		76888696	76889059	123755284	123755647	76647401	76647480	123697911	123697990
ZFHX4_Amos	33258		76942397	76942617	123783677	123783897	76647401	76647480	123736853	123736932
ZFHX4_Andrew	33260		76960311	76960632	123794277	123794598	76648165	76648243	123959607	123959683
ZFHX4_Antonio	33261		77032058	77032558	123814566	123815066	76648165	76648243	123955614	123955690
ZFHX4_Aphrodite	33262		77032616	77032865	123815124	123815374	76653067	76653147	123985865	123985939
ZFHX4_Ariane	33267		77140228	77140496	123878178	123878447	76655076	76655155	123577471	123577550
ZFHX4_Arthur	33268		77141184	77141527	123879129	123879472	76655076	76655155	123579751	123579830
ZFHX4_Atsuko	33269		77142451	77142747	123880378	123880672	76659543	76659601	124687758	124687817
ZFHX4_Beatrice	33271		77264724	77265078	123927661	123928016	76670498	76670580	123743505	123743585
ZFHX4_Benjamin	33272		77265412	77265678	123928399	123928665	76670718	76670803	123971401	123971483
ZFHX4_Bryan	33283		77316645	77316943	123962512	123962811	76680893	76680974	123947095	123947178
ZFHX4_Clara	33290		77372833	77373104	123997440	123997711	76687813	76687884	123988777	123988843
ZFHX4_Delphina	33294		77374949	77375157	123999238	123999446	76691485	76691557	124164258	124164326
ZFHX4_Demian	33295		77437600	77437852	124013358	124013611	76693078	76693159	123576229	123576313
ZFHX4_Dominica	33299		77440613	77441106	124016573	124017078	76697667	76697752	123937547	123937639
ZFHX4_Dorian	33300		77441504	77442007	124017483	124017984	76717940	76718022	124518545	124518624
ZFHX4_Eduardo	33304		77491303	77491748	124041560	124042008	76718710	76718801	123935016	123935101
ZFHX4_Faust	33307		77493349	77493752	124043723	124044135	76719247	76719325	124730192	124730271
ZFHX4_Figaro	33309		77493836	77494085	124044219	124044468	76719308	76719393	123990100	123990180
ZFHX4_Flora	33311		77575809	77576060	124082294	124082545	76730494	76730573	124441146	124441229
ZFHX4_Franz	33313		77577525	77577873	124084115	124084463	76734199	76734273	124384633	124384704
ZFHX4_Gabriel	33315		77578031	77578301	124084612	124084882	76735132	76735189	123630661	123630723
ZFHX4_Gandalf	33316		77582194	77582492	124089321	124089617	76748964	76749044	123872369	123872451
ZFHX4_Griselda	33320		77587527	77587798	124095093	124095367	76752750	76752823	124556369	124556449
ZFHX4_Hamlet	33327		77597078	77597681	124105908	124106513	76759130	76759188	124675344	124675405
ZFHX4_Hana	33330		77598337	77598618	124107145	124107425	76764504	76764583	123987769	123987851
ZFHX4_Helen	33333		77599191	77599764	124108036	124108609	76775469	76775550	123700826	123700910
ZFHX4_Hong	33334		77599943	77600183	124108785	124109025	76775469	76775550	123739773	123739857
ZFHX4_Isaac	33342		77608511	77608838	124117462	124117794	76777517	76777594	124617232	124617316
ZFHX4_Isolde	33343		77611015	77611425	124120064	124120476	76778172	76778242	124237574	124237646
ZFHX4_Jasmine	33344		77612000	77612354	124121168	124121579	76806680	76806763	123908894	123908978
ZFHX4_Jeremy	33364		77647864	77648340	124156938	124157414	76834866	76834960	124539322	124539413
ZFHX4_Jonathan	33365		77687628	77688054	124175905	124176332	76874973	76875041	124672438	124672504
ZFHX4_Juan	33369		77690779	77691492	124178996	124179712	76876023	76876099	124328652	124328731
ZFHX4_Kazuki	33380		77710442	77710981	124194801	124195339	76897827	76897910	123670830	123670912
ZFHX4_Kizuki	33382		77711386	77711599	124195740	124195956	76911921	76912000	123772259	123772337
ZFHX4_Leo	33384		77712459	77713135	124196726	124197410	76911921	76912000	123769562	123769640
ZFHX4_Leontina	33387		77714080	77714750	124198342	124199012	76916625	76916702	124767441	124767518
ZFHX4_Leopold	33388		77717119	77717337	124201541	124201759	76947336	76947407	123672129	123672197
ZFHX4_Logan	33390		77720688	77721061	124205352	124205727	76957518	76957600	124063167	124063250
ZFHX4_Lolita	33391		77722526	77722876	124207126	124207475	76958592	76958666	123679641	123679714
ZFHX4_Lucifer	33396		77753972	77754223	124226917	124227168	76965679	76965758	124397638	124397715
ZFHX4_Lucy	33397		77755111	77755408	124227989	124228284	76965679	76965758	124398452	124398529
ZFHX4_Lukas	33405		77760052	77760425	124233471	124233842	76977294	76977380	124033397	124033479
ZFHX4_Malcolm_1	33414		77776849	77777385	124251899	124252431	76991353	76991438	124235543	124235627
ZFHX4_Malcolm_2	33415		77777422	77777916	124252468	124252964	76991828	76991906	124337092	124337169
ZFHX4_Ming	33417		77778110	77778585	124253193	124253668	76995558	76995638	124118624	124118704
ZFHX4_Naomi	33419		77778712	77778989	124253807	124254082	77001953	77002020	123733757	123733820
ZFHX4_Napoleon	33420		77779092	77779520	124254196	124254626	77006277	77006365	124296082	124296167
ZFHX4_Nemo	33425		78042921	78043181	124368415	124368674	77017571	77017646	124099763	124099839
ZFHX4_Nick	33431		78079526	78079743	124384932	124385148	77018777	77018855	124363387	124363466
ZFHX4_Noah	33433		78119722	78120061	124399523	124399865	77027035	77027112	124270722	124270803
ZFHX4_Oberon	33435		78171387	78171640	124421446	124421699	77041087	77041173	124636401	124636488
ZFHX4_Olivia	33436		78173237	78173677	124423507	124423948	77041762	77041847	123739347	123739431
ZFHX4_Ophelia	33440		78306365	78306574	124491821	124492031	77046202	77046287	124505746	124505828
ZFHX4_Oskar	33441		78308306	78308787	124493792	124494273	77046332	77046412	124061265	124061345
ZFHX4_Pablo	33444		78314379	78314615	124499536	124499778	77048048	77048131	124537090	124537175
ZFHX4_Patricia	33445		78316258	78316524	124502481	124502746	77051142	77051228	124543869	124543951
ZFHX4_Prometheus_1	33446		78370963	78371217	124535934	124536188	77054239	77054302	124785355	124785417
ZFHX4_Prometheus_2	33447		78371219	78371442	124536190	124536413	77070667	77070738	123776279	123776352
ZFHX4_Ruby	33448		78371798	78372051	124536898	124537151	77074412	77074484	124028053	124028129
ZFHX4_Santiago	33457		78571555	78571795	124628378	124628618	77075846	77075923	124120001	124120081
ZFHX4_Scarlett	33462		78643850	78644153	124652350	124652653	77077228	77077315	124708500	124708584
ZFHX4_Theodore	33466		78815978	78816219	124690761	124691002	77078601	77078687	124762959	124763042
ZFHX4_Trystan	33470		78821916	78822125	124698223	124698445	77081128	77081191	124681216	124681276
ZFHX4_Vanessa	33471		78865783	78866004	124729504	124729726	77081811	77081885	123627515	123627596
ZFHX4_Virginia	33478		78921596	78921942	124764063	124764409	77089292	77089374	124267248	124267333
ZFHX4_Vivien	33480		78923607	78923875	124766174	124766442	77102931	77103007	124756329	124756407
ZFHX4_Vladimir	33483		78993743	78994040	124804133	124804429	77105603	77105689	124275279	124275364
ZFHX4_Wagner	33486		79006527	79006798	124810902	124811176	77119232	77119313	124062988	124063069
ZFHX4_Zhong	33489		79007156	79007456	124811536	124811836	77151197	77151259	124217728	124217791
							77151197	77151259	124220934	124220997
							77160406	77160484	124614160	124614242
							77166568	77166651	124790228	124790311
							77172378	77172458	124124581	124124663
							77172378	77172458	124126738	124126820
							77174216	77174296	124559966	124560045
							77181154	77181217	124712117	124712185
							77184441	77184532	123731299	123731391
							77184441	77184532	123761620	123761712
							77201016	77201086	124156702	124156774
							77202401	77202482	124384037	124384119
							77203075	77203161	124510483	124510570
							77206842	77206923	124731827	124731910
							77214861	77214939	124475380	124475460
							77217031	77217103	124660189	124660258
							77225196	77225254	124794193	124794255
							77229329	77229403	124613746	124613822
							77231371	77231436	124739771	124739839
							77244604	77244683	123936339	123936423
							77244928	77245011	124560352	124560431
							77245256	77245323	123967914	123967980
							77246236	77246324	123796116	123796205
							77254428	77254509	123642199	123642279
							77264196	77264271	124260734	124260813
							77267337	77267419	123777556	123777641
							77290316	77290396	124130125	124130209
							77327955	77328036	123818858	123818939
							77329417	77329480	123601697	123601766
							77333814	77333898	124653648	124653730
							77334980	77335061	124492688	124492770
							77336550	77336612	124550773	124550835
							77336875	77336959	123737544	123737628
							77336877	77336959	123698602	123698686
							77392357	77392448	124077390	124077479
							77394179	77394262	124722307	124722392
							77402711	77402773	123614578	123614643
							77424295	77424374	124675751	124675828
							77425169	77425245	123923256	123923334
							77425931	77426017	124521229	124521314
							77428012	77428097	124695734	124695820
							77429012	77429095	123815307	123815390
							77436778	77436855	124303368	124303448
							77438907	77438994	124001792	124001879
							77481639	77481724	124688852	124688941
							77485220	77485290	124752341	124752416
							77495461	77495534	124296222	124296298
							77503039	77503105	123790561	123790624
							77522173	77522255	124362950	124363030
							77528349	77528428	124553922	124554003
							77530634	77530711	124769269	124769345
							77537325	77537407	124516048	124516126
							77537337	77537413	124293216	124293292
							77581337	77581405	124165242	124165313
							77615459	77615556	123810971	123811065
							77622824	77622890	124703927	124703989
							77631440	77631522	124619257	124619338
							77633759	77633842	124554930	124555014
							77634418	77634499	124302402	124302484
							77634488	77634569	124477128	124477212
							77641440	77641533	124061527	124061620
							77643116	77643183	123768815	123768882
							77643116	77643183	123771512	123771579
							77672417	77672483	124533193	124533256
							77704563	77704645	123708420	123708501
							77720293	77720372	123606018	123606100
							77726564	77726647	124270721	124270805
							77753313	77753398	124481550	124481635
							77753313	77753398	124483742	124483827
							77759828	77759912	123697312	123697400
							77759828	77759912	123736254	123736342
							77781059	77781145	123776941	123777022
							77781469	77781549	124553108	124553190
							77782449	77782526	124544448	124544529
							77794244	77794328	124716659	124716742
							77805072	77805160	124319076	124319165
							77806910	77806992	124567355	124567435
							77820410	77820490	123731516	123731596
							77820410	77820490	123761837	123761917
							77829935	77830021	124767846	124767929
							77835526	77835590	124313828	124313894
							77835602	77835680	123933468	123933550
							77891024	77891108	123609101	123609187
							77893147	77893225	123719914	123719991
							77896583	77896660	124248865	124248938
							77900223	77900288	124040463	124040527
							77906947	77907017	124739195	124739263
							77920049	77920121	124773432	124773497
							77920479	77920540	124305522	124305581
							77921457	77921539	124741136	124741222
							77922286	77922347	124654510	124654572
							77934664	77934751	124367638	124367727
							77941746	77941832	123884347	123884430
							77947810	77947877	123849115	123849183
							77958633	77958709	124072363	124072442
							77958913	77958983	124194836	124194909
							77958913	77958983	124198018	124198091
							77978530	77978615	124395824	124395907
							78034254	78034335	123582023	123582102
							78062746	78062821	124376005	124376086
							78063897	78063981	124698067	124698151
							78072244	78072332	124772132	124772220
							78073728	78073799	124549311	124549380
							78074928	78075008	124683671	124683751
							78083841	78083907	124566393	124566459
							78101478	78101550	124179833	124179902
							78109890	78109968	124519020	124519097
							78117584	78117656	124081846	124081914
							78134439	78134518	123731177	123731255
							78134439	78134514	123761498	123761574
							78149692	78149759	124423564	124423631
							78155284	78155360	124323512	124323587
							78155284	78155360	124323836	124323911
							78191294	78191375	124175219	124175299
							78191294	78191375	124173516	124173594
							78193160	78193241	124589556	124589634
							78199416	78199480	124278465	124278530
							78203788	78203868	124119293	124119373
							78206732	78206808	124304106	124304187
							78219094	78219170	124610374	124610453
							78225629	78225709	124239417	124239499
							78229471	78229553	123996503	123996584
							78229471	78229553	124003894	124003975
							78229717	78229787	124274075	124274149
							78230254	78230336	123617117	123617194
							78237349	78237429	124432295	124432376
							78243616	78243699	123717436	123717519
							78265652	78265737	123927479	123927565
							78265652	78265737	123929682	123929768
							78274285	78274366	124667891	124667971
							78275284	78275358	124647616	124647688
							78292373	78292437	124427418	124427480
							78298159	78298241	123734027	123734111
							78300979	78301057	124312139	124312222
							78322504	78322576	124008162	124008236
							78353620	78353700	124715082	124715166
							78353787	78353870	123815700	123815784
							78366654	78366733	124620456	124620535
							78383623	78383704	124679863	124679944
							78395668	78395750	124641374	124641455
							78396943	78397021	124007254	124007334
							78396943	78397021	123999136	123999216
							78410082	78410142	124627065	124627128
							78422168	78422255	124015836	124015919
							78426856	78426943	124613341	124613430
							78437522	78437599	124120069	124120152
							78438761	78438833	124114065	124114137
							78448867	78448950	123575735	123575820
							78454557	78454641	123786375	123786455
							78458984	78459071	123716487	123716572
							78463450	78463531	124173385	124173467
							78467108	78467183	123699463	123699540
							78467108	78467183	123738406	123738483
							78484787	78484870	123965372	123965453
							78532848	78532935	124507383	124507471
							78551317	78551398	124305471	124305552
							78552123	78552210	124771215	124771299
							78555204	78555280	123781537	123781614
							78572732	78572812	123959812	123959894
							78572732	78572812	123955819	123955901
							78577340	78577403	123730534	123730600
							78577340	78577403	123760855	123760921
							78587025	78587103	124347592	124347670
							78587026	78587098	124707116	124707184
							78600316	78600397	124420199	124420281
							78609172	78609255	123961411	123961495
							78609593	78609687	123664772	123664866
							78610966	78611050	124101591	124101673
							78614895	78614978	124471736	124471819
							78614967	78615046	124306736	124306816
							78624655	78624728	124099179	124099250
							78634011	78634095	124334364	124334445
							78636641	78636717	123696218	123696297
							78636641	78636717	123735160	123735239
							78637284	78637365	123603513	123603596
							78641259	78641342	123839445	123839529
							78642100	78642181	123808421	123808504
							78644421	78644480	124536469	124536528
							78676905	78676997	124255399	124255490
							78693616	78693706	123702828	123702924
							78693616	78693706	123741782	123741878
							78706414	78706501	124170482	124170567
							78719453	78719528	124239584	124239655
							78735606	78735688	124545085	124545166
							78740158	78740242	124760059	124760143
							78769902	78769982	124113370	124113449
							78784315	78784396	124565111	124565196
							78801969	78802044	124479027	124479095
							78807584	78807664	123941051	123941133
							78811921	78812003	124690289	124690369
							78814771	78814841	123797001	123797074
							78817230	78817315	124730012	124730093
							78817266	78817343	124352263	124352347
							78818989	78819064	124188279	124188359
							78828907	78828990	124698102	124698189
							78840512	78840595	124605885	124605968
							78844552	78844635	124467132	124467215
							78859031	78859113	123636492	123636570
							78859031	78859113	123637601	123637679
							78865033	78865119	124257586	124257671
							78867544	78867631	124152407	124152495
							78867544	78867631	124155289	124155377
							78867735	78867812	124016300	124016376
							78879453	78879528	124460962	124461038
							78889117	78889201	124497667	124497750
							78889169	78889253	124320176	124320257
							78889169	78889253	124348440	124348521
							78891035	78891114	123645288	123645368
							78893040	78893113	123746035	123746110
							78903652	78903732	124653256	124653335
							78925367	78925455	124381397	124381486
							78926606	78926685	124458689	124458767
							78926625	78926685	124459287	124459349
							78929816	78929887	123863896	123863963
							78937285	78937360	124492877	124492950
							78942658	78942731	123808698	123808771
							78944624	78944692	124142112	124142186
							78948608	78948685	123969487	123969570

