h_2.fa	57967000 - 60796000	g_3.fa	723000 - 1896000
CHR2		57968076	57968327	CHR3		723368	723619	8
CHR2		57972534	57972785	CHR3		727561	727812	3
CHR2		57986585	57986836	CHR3		739672	739923	8
CHR2		58096863	58097113	CHR3		763565	763815	11
CHR2		58105319	58105570	CHR3		768486	768737	11
CHR2		58106060	58106262	CHR3		769214	769416	10
CHR2		58113379	58113629	CHR3		778340	778590	9
CHR2		58118179	58118429	CHR3		781900	782149	12
CHR2		58125307	58125579	CHR3		792503	792775	0
CHR2		58147027	58147278	CHR3		807894	808145	12
CHR2		58186628	58186879	CHR3		818638	818889	9
CHR2		58350104	58350346	CHR3		868148	868390	12
CHR2		58351126	58351376	CHR3		868888	869138	7
CHR2		58367798	58368049	CHR3		885383	885634	5
CHR2		58431550	58431753	CHR3		909010	909212	10
CHR2		58504370	58504592	CHR3		925183	925404	10
CHR2		58696425	58696675	CHR3		988309	988559	11
CHR2		58749001	58749249	CHR3		1008051	1008299	12
CHR2		58749505	58749756	CHR3		1008553	1008804	9
CHR2		58770744	58770995	CHR3		1021048	1021299	4
CHR2		58796416	58796629	CHR3		1033695	1033908	10
CHR2		58796632	58796882	CHR3		1033908	1034157	12
CHR2		58810238	58810488	CHR3		1049298	1049547	6
CHR2		58810929	58811138	CHR3		1049992	1050204	10
CHR2		58858127	58858497	CHR3		1073183	1073553	0
CHR2		58860495	58860834	CHR3		1075359	1075698	0
CHR2		58871769	58872020	CHR3		1082593	1082844	4
CHR2		58882336	58882587	CHR3		1094682	1094933	8
CHR2		58891457	58891708	CHR3		1101259	1101509	9
CHR2		58948109	58948360	CHR3		1127241	1127492	10
CHR2		58949268	58949526	CHR3		1128437	1128695	0
CHR2		58976400	58976650	CHR3		1136766	1137017	12
CHR2		58993734	58993984	CHR3		1147249	1147497	10
CHR2		58994729	58994979	CHR3		1148593	1148842	6
CHR2		58996668	58996918	CHR3		1150398	1150648	12
CHR2		58996945	58997196	CHR3		1150675	1150926	2
CHR2		59039914	59040165	CHR3		1172632	1172883	12
CHR2		59066827	59067077	CHR3		1182178	1182428	10
CHR2		59080118	59080369	CHR3		1196295	1196546	11
CHR2		59108116	59108366	CHR3		1205814	1206063	12
CHR2		59133327	59133578	CHR3		1217907	1218158	9
CHR2		59136888	59137139	CHR3		1223230	1223480	11
CHR2		59137156	59137395	CHR3		1223497	1223735	11
CHR2		59140244	59140485	CHR3		1226689	1226931	12
CHR2		59141782	59142033	CHR3		1228115	1228366	12
CHR2		59144954	59145228	CHR3		1231009	1231283	0
CHR2		59155693	59155940	CHR3		1238854	1239104	12
CHR2		59163425	59163676	CHR3		1247124	1247375	7
CHR2		59179364	59179608	CHR3		1250277	1250521	12
CHR2		59182191	59182422	CHR3		1252852	1253084	11
CHR2		59183170	59183420	CHR3		1253811	1254060	11
CHR2		59199277	59199528	CHR3		1261624	1261875	8
CHR2		59199854	59200104	CHR3		1262181	1262430	11
CHR2		59202649	59202900	CHR3		1264676	1264927	11
CHR2		59203691	59203942	CHR3		1265552	1265803	4
CHR2		59204919	59205159	CHR3		1266733	1266976	12
CHR2		59246353	59246568	CHR3		1290750	1290965	10
CHR2		59253356	59253607	CHR3		1295953	1296204	6
CHR2		59274563	59274814	CHR3		1303856	1304107	12
CHR2		59302401	59302609	CHR3		1317151	1317360	10
CHR2		59304386	59304636	CHR3		1319104	1319354	9
CHR2		59305301	59305552	CHR3		1319943	1320194	0
CHR2		59305621	59305855	CHR3		1320273	1320506	11
CHR2		59428985	59429235	CHR3		1376863	1377111	12
CHR2		59477103	59477354	CHR3		1396857	1397108	11
CHR2		59509640	59509842	CHR3		1411394	1411597	10
CHR2		59541403	59541653	CHR3		1426182	1426432	12
CHR2		59662152	59662399	CHR3		1462784	1463031	12
CHR2		59684201	59684451	CHR3		1477968	1478216	12
CHR2		59774325	59774562	CHR3		1497816	1498052	11
CHR2		59815607	59815834	CHR3		1518055	1518282	11
CHR2		59889354	59889605	CHR3		1536419	1536670	12
CHR2		59897325	59897576	CHR3		1541933	1542184	11
CHR2		59947673	59947924	CHR3		1551614	1551865	4
CHR2		59973393	59973644	CHR3		1565719	1565970	11
CHR2		59998713	59998961	CHR3		1576472	1576722	11
CHR2		60006414	60006626	CHR3		1584727	1584938	10
CHR2		60018180	60018400	CHR3		1587918	1588138	11
CHR2		60018702	60018949	CHR3		1588436	1588686	12
CHR2		60047077	60047324	CHR3		1606256	1606503	12
CHR2		60056168	60056419	CHR3		1608429	1608680	8
CHR2		60077315	60077566	CHR3		1617646	1617897	12
CHR2		60077731	60077981	CHR3		1618037	1618286	12
CHR2		60106722	60106972	CHR3		1627562	1627813	9
CHR2		60114224	60114474	CHR3		1628927	1629177	11
CHR2		60116644	60116894	CHR3		1633241	1633490	12
CHR2		60121515	60121764	CHR3		1634871	1635121	12
CHR2		60137897	60138146	CHR3		1639623	1639873	11
CHR2		60151537	60151788	CHR3		1648512	1648762	11
CHR2		60163227	60163477	CHR3		1651442	1651693	10
CHR2		60174341	60174591	CHR3		1658284	1658534	12
CHR2		60224471	60224721	CHR3		1689107	1689357	11
CHR2		60292046	60292295	CHR3		1715914	1716164	10
CHR2		60297640	60297890	CHR3		1719225	1719471	11
CHR2		60297890	60298166	CHR3		1719472	1719748	0
CHR2		60298234	60298484	CHR3		1719816	1720063	11
CHR2		60352941	60353192	CHR3		1741505	1741756	11
CHR2		60440514	60440742	CHR3		1756702	1756930	11
CHR2		60441581	60441832	CHR3		1757752	1758003	10
CHR2		60517302	60517553	CHR3		1781285	1781536	5
CHR2		60684502	60684752	CHR3		1826359	1826607	12
CHR2		60685161	60685411	CHR3		1827036	1827287	11
CHR2		60687524	60687724	CHR3		1829440	1829640	10
CHR2		60734106	60734307	CHR3		1852683	1852885	10
CHR2		60760719	60760967	CHR3		1867613	1867860	12
CHR2		60762081	60762331	CHR3		1868865	1869116	12
CHR2		60772247	60772495	CHR3		1876833	1877082	11
CHR2		60775612	60775837	CHR3		1880011	1880237	11
