h_2.fa	57967000 - 60796000	g_3.fa	723000 - 1896000
CHR2		57968051	57968402	CHR3		723343	723694	11
CHR2		57972472	57972822	CHR3		727499	727846	14
CHR2		57986599	57986950	CHR3		739686	740037	7
CHR2		58105295	58105646	CHR3		768462	768813	15
CHR2		58113414	58113761	CHR3		778375	778725	17
CHR2		58118186	58118506	CHR3		781906	782225	15
CHR2		58125304	58125655	CHR3		792500	792851	3
CHR2		58186553	58186904	CHR3		818563	818914	13
CHR2		58351128	58351479	CHR3		868891	869242	14
CHR2		58367694	58368045	CHR3		885279	885630	16
CHR2		58749022	58749373	CHR3		1008072	1008423	14
CHR2		58749431	58749781	CHR3		1008479	1008829	13
CHR2		58770453	58770804	CHR3		1020759	1021108	17
CHR2		58796502	58796843	CHR3		1033781	1034118	16
CHR2		58810230	58810580	CHR3		1049290	1049637	14
CHR2		58858127	58858497	CHR3		1073183	1073553	0
CHR2		58860489	58860840	CHR3		1075353	1075704	3
CHR2		58871705	58872056	CHR3		1082529	1082880	14
CHR2		58882297	58882645	CHR3		1094641	1094991	14
CHR2		58891545	58891893	CHR3		1101346	1101696	17
CHR2		58947987	58948338	CHR3		1127119	1127470	14
CHR2		58949246	58949596	CHR3		1128415	1128765	6
CHR2		58976228	58976579	CHR3		1136595	1136946	11
CHR2		58993685	58993999	CHR3		1147199	1147512	15
CHR2		58994734	58995084	CHR3		1148598	1148947	7
CHR2		58996662	58997013	CHR3		1150394	1150743	16
CHR2		58997056	58997406	CHR3		1150786	1151135	17
CHR2		59039904	59040208	CHR3		1172622	1172926	15
CHR2		59066838	59067187	CHR3		1182189	1182538	10
CHR2		59080102	59080410	CHR3		1196279	1196588	15
CHR2		59108118	59108468	CHR3		1205816	1206166	15
CHR2		59133285	59133635	CHR3		1217865	1218215	16
CHR2		59136885	59137235	CHR3		1223226	1223575	16
CHR2		59140246	59140559	CHR3		1226691	1227004	15
CHR2		59141782	59142132	CHR3		1228115	1228465	16
CHR2		59144894	59145245	CHR3		1230949	1231300	5
CHR2		59163334	59163685	CHR3		1247033	1247384	15
CHR2		59199330	59199681	CHR3		1261677	1262028	14
CHR2		59202617	59202967	CHR3		1264644	1264994	17
CHR2		59203646	59203997	CHR3		1265507	1265858	9
CHR2		59253327	59253678	CHR3		1295925	1296275	15
CHR2		59274570	59274884	CHR3		1303863	1304175	15
CHR2		59304393	59304744	CHR3		1319111	1319462	15
CHR2		59305274	59305625	CHR3		1319916	1320267	12
CHR2		59429000	59429350	CHR3		1376876	1377226	13
CHR2		59477103	59477454	CHR3		1396857	1397208	16
CHR2		59541256	59541607	CHR3		1426036	1426386	16
CHR2		59889355	59889705	CHR3		1536420	1536769	17
CHR2		59897331	59897662	CHR3		1541939	1542270	16
CHR2		59947597	59947947	CHR3		1551539	1551888	17
CHR2		59973386	59973714	CHR3		1565712	1566040	16
CHR2		60056115	60056466	CHR3		1608377	1608727	17
CHR2		60077323	60077630	CHR3		1617654	1617961	15
CHR2		60106653	60106975	CHR3		1627493	1627815	16
CHR2		60114230	60114554	CHR3		1628933	1629258	16
CHR2		60116747	60117094	CHR3		1633344	1633689	17
CHR2		60137978	60138328	CHR3		1639705	1640054	10
CHR2		60163196	60163545	CHR3		1651411	1651761	16
CHR2		60291935	60292284	CHR3		1715803	1716153	12
CHR2		60297591	60297942	CHR3		1719177	1719524	17
CHR2		60298160	60298511	CHR3		1719742	1720089	13
CHR2		60352962	60353313	CHR3		1741526	1741877	13
CHR2		60441532	60441883	CHR3		1757704	1758054	17
CHR2		60517164	60517515	CHR3		1781147	1781498	17
CHR2		60684518	60684828	CHR3		1826372	1826681	15
CHR2		60685090	60685416	CHR3		1826968	1827291	15
CHR2		60761956	60762305	CHR3		1868740	1869090	16
