h_2.fa	57967000 - 60796000	g_3.fa	723000 - 1896000
CHR2		57968030	57968331	CHR3		723322	723623	10
CHR2		57972476	57972776	CHR3		727503	727803	7
CHR2		57986569	57986870	CHR3		739656	739957	11
CHR2		58096853	58097134	CHR3		763555	763836	14
CHR2		58105281	58105581	CHR3		768448	768748	14
CHR2		58113394	58113691	CHR3		778355	778655	14
CHR2		58118176	58118476	CHR3		781896	782196	14
CHR2		58125279	58125579	CHR3		792475	792775	1
CHR2		58146998	58147271	CHR3		807865	808138	13
CHR2		58186624	58186925	CHR3		818634	818935	12
CHR2		58350077	58350346	CHR3		868121	868390	13
CHR2		58351128	58351429	CHR3		868891	869192	9
CHR2		58367784	58368085	CHR3		885369	885670	6
CHR2		58696415	58696675	CHR3		988299	988559	11
CHR2		58749010	58749311	CHR3		1008060	1008361	12
CHR2		58749522	58749821	CHR3		1008570	1008870	12
CHR2		58770733	58771034	CHR3		1021037	1021338	8
CHR2		58796642	58796940	CHR3		1033918	1034218	14
CHR2		58810256	58810557	CHR3		1049315	1049616	5
CHR2		58858127	58858497	CHR3		1073183	1073553	0
CHR2		58860495	58860834	CHR3		1075359	1075698	0
CHR2		58871708	58872009	CHR3		1082532	1082833	5
CHR2		58882292	58882592	CHR3		1094637	1094938	11
CHR2		58891534	58891833	CHR3		1101335	1101636	13
CHR2		58948023	58948323	CHR3		1127154	1127455	5
CHR2		58949080	58949381	CHR3		1128249	1128550	11
CHR2		58976349	58976649	CHR3		1136715	1137016	13
CHR2		58993685	58993984	CHR3		1147199	1147497	14
CHR2		58994860	58995161	CHR3		1148723	1149024	6
CHR2		58996686	58996987	CHR3		1150416	1150717	11
CHR2		58997097	58997397	CHR3		1150827	1151127	14
CHR2		59039904	59040204	CHR3		1172622	1172922	15
CHR2		59066807	59067107	CHR3		1182158	1182458	14
CHR2		59080098	59080399	CHR3		1196276	1196576	15
CHR2		59108228	59108529	CHR3		1205925	1206226	13
CHR2		59133309	59133610	CHR3		1217889	1218190	11
CHR2		59136874	59137174	CHR3		1223215	1223515	15
CHR2		59140244	59140544	CHR3		1226689	1226989	15
CHR2		59141876	59142177	CHR3		1228209	1228510	14
CHR2		59144800	59145101	CHR3		1230855	1231156	5
CHR2		59155648	59155940	CHR3		1238809	1239104	13
CHR2		59163377	59163678	CHR3		1247076	1247377	14
CHR2		59183170	59183424	CHR3		1253811	1254064	12
CHR2		59199192	59199493	CHR3		1261539	1261840	14
CHR2		59199847	59200136	CHR3		1262174	1262463	14
CHR2		59202667	59202968	CHR3		1264694	1264995	12
CHR2		59203644	59203945	CHR3		1265505	1265806	5
CHR2		59253332	59253632	CHR3		1295929	1296229	10
CHR2		59274577	59274877	CHR3		1303870	1304170	11
CHR2		59304446	59304747	CHR3		1319164	1319465	12
CHR2		59305252	59305552	CHR3		1319894	1320194	2
CHR2		59305625	59305878	CHR3		1320276	1320529	12
CHR2		59429059	59429360	CHR3		1376935	1377236	14
CHR2		59477148	59477449	CHR3		1396902	1397203	13
CHR2		59541281	59541580	CHR3		1426058	1426359	12
CHR2		59662152	59662414	CHR3		1462782	1463046	13
CHR2		59684201	59684454	CHR3		1477968	1478219	12
CHR2		59889419	59889719	CHR3		1536484	1536783	12
CHR2		59897354	59897654	CHR3		1541962	1542262	14
CHR2		59947648	59947949	CHR3		1551589	1551890	4
CHR2		59973386	59973686	CHR3		1565712	1566012	13
CHR2		59998710	59998996	CHR3		1576469	1576757	14
CHR2		60018702	60018965	CHR3		1588436	1588701	13
CHR2		60047055	60047324	CHR3		1606234	1606503	13
CHR2		60056117	60056418	CHR3		1608379	1608679	13
CHR2		60077322	60077622	CHR3		1617654	1617952	13
CHR2		60077731	60077982	CHR3		1618037	1618287	12
CHR2		60106666	60106965	CHR3		1627506	1627806	12
CHR2		60114223	60114523	CHR3		1628926	1629226	15
CHR2		60116646	60116920	CHR3		1633244	1633515	13
CHR2		60121457	60121749	CHR3		1634813	1635106	14
CHR2		60137965	60138265	CHR3		1639692	1639992	7
CHR2		60151546	60151823	CHR3		1648521	1648795	12
CHR2		60163241	60163541	CHR3		1651457	1651757	11
CHR2		60174341	60174591	CHR3		1658284	1658534	12
CHR2		60224383	60224671	CHR3		1689020	1689307	14
CHR2		60292008	60292308	CHR3		1715876	1716177	14
CHR2		60297647	60297948	CHR3		1719232	1719530	10
CHR2		60298127	60298428	CHR3		1719709	1720007	9
CHR2		60352756	60353056	CHR3		1741319	1741620	14
CHR2		60353079	60353346	CHR3		1741643	1741909	13
CHR2		60441548	60441849	CHR3		1757720	1758020	15
CHR2		60517261	60517560	CHR3		1781243	1781544	9
CHR2		60684520	60684820	CHR3		1826375	1826671	12
CHR2		60685103	60685403	CHR3		1826981	1827279	10
CHR2		60760719	60760986	CHR3		1867613	1867879	13
CHR2		60762074	60762371	CHR3		1868858	1869158	14
