h_10.fa	129964000 - 131959000	g_6.fa	35386000 - 36325000
CHR10		129964246	129964747	CHR6		35386882	35387382	21
CHR10		130334976	130335443	CHR6		35554384	35554858	23
CHR10		130367054	130367516	CHR6		35575955	35576420	23
CHR10		130493175	130493676	CHR6		35626846	35627347	17
CHR10		130506960	130507460	CHR6		35630992	35631491	14
CHR10		130520090	130520590	CHR6		35642844	35643343	24
CHR10		130790546	130791016	CHR6		35777105	35777580	23
CHR10		130831768	130832268	CHR6		35799308	35799808	13
CHR10		130832318	130832817	CHR6		35799862	35800358	23
CHR10		130841934	130842435	CHR6		35806669	35807170	12
CHR10		130861327	130861806	CHR6		35819573	35820052	23
CHR10		130965959	130966443	CHR6		35864745	35865233	24
CHR10		130996141	130996638	CHR6		35872791	35873291	24
CHR10		131106872	131107371	CHR6		35913065	35913566	24
CHR10		131107825	131108323	CHR6		35914021	35914522	21
CHR10		131165048	131165546	CHR6		35936148	35936648	24
CHR10		131188123	131188594	CHR6		35941558	35942028	23
CHR10		131242626	131243083	CHR6		35974828	35975284	22
CHR10		131401460	131401961	CHR6		36054470	36054971	13
CHR10		131445910	131446411	CHR6		36079457	36079957	19
CHR10		131515000	131515501	CHR6		36110630	36111131	17
CHR10		131590432	131590932	CHR6		36148033	36148533	23
CHR10		131635184	131635637	CHR6		36159854	36160313	22
CHR10		131643549	131644049	CHR6		36171949	36172450	5
CHR10		131651855	131652327	CHR6		36180569	36181041	23
CHR10		131680369	131680870	CHR6		36206550	36207051	12
CHR10		131685533	131686032	CHR6		36211541	36212041	16
CHR10		131689145	131689644	CHR6		36215276	36215776	16
CHR10		131691280	131691780	CHR6		36217441	36217942	25
CHR10		131704174	131704647	CHR6		36234673	36235147	23
CHR10		131750669	131751170	CHR6		36263815	36264316	20
CHR10		131755876	131756377	CHR6		36269555	36270056	11
