h_10.fa	129964000 - 131959000	g_6.fa	35386000 - 36325000
CHR10		129964364	129964715	CHR6		35386999	35387350	14
CHR10		130112921	130113271	CHR6		35451958	35452308	17
CHR10		130279720	130280023	CHR6		35524745	35525048	15
CHR10		130335141	130335491	CHR6		35554556	35554906	17
CHR10		130337877	130338227	CHR6		35557125	35557476	17
CHR10		130367064	130367414	CHR6		35575965	35576315	6
CHR10		130493087	130493437	CHR6		35626759	35627108	17
CHR10		130506975	130507326	CHR6		35631007	35631358	10
CHR10		130507819	130508169	CHR6		35631851	35632202	17
CHR10		130519320	130519651	CHR6		35641975	35642305	16
CHR10		130520273	130520622	CHR6		35643025	35643375	16
CHR10		130534184	130534534	CHR6		35653916	35654266	15
CHR10		130600267	130600597	CHR6		35685179	35685509	16
CHR10		130758170	130758520	CHR6		35755003	35755354	15
CHR10		130790619	130790970	CHR6		35777180	35777530	12
CHR10		130830216	130830566	CHR6		35797784	35798134	17
CHR10		130831975	130832323	CHR6		35799515	35799866	13
CHR10		130832331	130832680	CHR6		35799874	35800221	13
CHR10		130842081	130842432	CHR6		35806816	35807167	8
CHR10		130861370	130861721	CHR6		35819616	35819967	17
CHR10		130966056	130966403	CHR6		35864842	35865193	17
CHR10		130996134	130996484	CHR6		35872784	35873133	17
CHR10		131020797	131021148	CHR6		35884892	35885243	15
CHR10		131106792	131107142	CHR6		35912984	35913335	6
CHR10		131107462	131107813	CHR6		35913657	35914008	16
CHR10		131107936	131108286	CHR6		35914132	35914482	6
CHR10		131121312	131121661	CHR6		35918986	35919336	17
CHR10		131165205	131165554	CHR6		35936306	35936656	17
CHR10		131188182	131188533	CHR6		35941616	35941967	16
CHR10		131193364	131193673	CHR6		35946210	35946516	15
CHR10		131242626	131242976	CHR6		35974828	35975177	16
CHR10		131365860	131366211	CHR6		36030315	36030663	16
CHR10		131369727	131370028	CHR6		36033473	36033774	15
CHR10		131401693	131402044	CHR6		36054703	36055054	17
CHR10		131404202	131404513	CHR6		36057130	36057442	15
CHR10		131405975	131406326	CHR6		36059049	36059400	15
CHR10		131446282	131446638	CHR6		36079828	36080184	0
CHR10		131496898	131497228	CHR6		36096995	36097326	16
CHR10		131514990	131515341	CHR6		36110620	36110971	17
CHR10		131515413	131515763	CHR6		36111043	36111394	14
CHR10		131556045	131556395	CHR6		36123057	36123404	9
CHR10		131590370	131590721	CHR6		36147971	36148322	13
CHR10		131635296	131635641	CHR6		36159967	36160318	17
CHR10		131641769	131642119	CHR6		36170043	36170393	13
CHR10		131642869	131643220	CHR6		36171267	36171618	16
CHR10		131643870	131644218	CHR6		36172270	36172620	17
CHR10		131644766	131645097	CHR6		36173130	36173461	16
CHR10		131646038	131646379	CHR6		36174657	36174999	17
CHR10		131647096	131647429	CHR6		36175737	36176072	16
CHR10		131647938	131648283	CHR6		36176606	36176951	17
CHR10		131649265	131649615	CHR6		36178003	36178353	16
CHR10		131650014	131650362	CHR6		36178735	36179085	17
CHR10		131651900	131652251	CHR6		36180614	36180965	17
CHR10		131658911	131659259	CHR6		36186139	36186489	16
CHR10		131666393	131666743	CHR6		36192128	36192476	17
CHR10		131667905	131668255	CHR6		36193623	36193972	17
CHR10		131669136	131669460	CHR6		36194860	36195187	16
CHR10		131680583	131680934	CHR6		36206764	36207115	11
CHR10		131685559	131685910	CHR6		36211568	36211919	14
CHR10		131689225	131689576	CHR6		36215358	36215709	9
CHR10		131691323	131691674	CHR6		36217485	36217836	7
CHR10		131693984	131694334	CHR6		36220393	36220743	17
CHR10		131704300	131704650	CHR6		36234800	36235150	14
CHR10		131705882	131706231	CHR6		36236318	36236669	17
CHR10		131706276	131706626	CHR6		36236714	36237063	17
CHR10		131710886	131711232	CHR6		36239775	36240125	16
CHR10		131742939	131743289	CHR6		36257420	36257770	11
CHR10		131750666	131751017	CHR6		36263812	36264163	17
CHR10		131756033	131756384	CHR6		36269712	36270063	6
CHR10		131768261	131768603	CHR6		36273637	36273979	17
