h_10.fa	129964000 - 131959000	g_6.fa	35386000 - 36325000
CHR10		129964318	129964619	CHR6		35386953	35387254	7
CHR10		129964654	129964915	CHR6		35387289	35387554	13
CHR10		130085536	130085805	CHR6		35438976	35439245	13
CHR10		130112936	130113236	CHR6		35451973	35452272	12
CHR10		130274655	130274948	CHR6		35521113	35521407	14
CHR10		130279720	130280020	CHR6		35524745	35525045	15
CHR10		130335095	130335396	CHR6		35554511	35554811	15
CHR10		130336213	130336475	CHR6		35555698	35555960	13
CHR10		130337903	130338203	CHR6		35557151	35557451	7
CHR10		130367074	130367374	CHR6		35575975	35576275	4
CHR10		130367541	130367836	CHR6		35576442	35576734	14
CHR10		130493095	130493395	CHR6		35626766	35627066	14
CHR10		130506999	130507300	CHR6		35631031	35631332	7
CHR10		130507316	130507615	CHR6		35631348	35631646	10
CHR10		130507823	130508124	CHR6		35631855	35632156	14
CHR10		130519320	130519620	CHR6		35641975	35642274	14
CHR10		130520287	130520587	CHR6		35643041	35643340	14
CHR10		130534251	130534552	CHR6		35653983	35654284	12
CHR10		130600252	130600551	CHR6		35685164	35685463	14
CHR10		130671571	130671838	CHR6		35716512	35716780	13
CHR10		130758138	130758439	CHR6		35754972	35755272	9
CHR10		130780019	130780309	CHR6		35771643	35771932	14
CHR10		130790563	130790864	CHR6		35777123	35777424	13
CHR10		130830210	130830511	CHR6		35797778	35798079	14
CHR10		130831667	130831968	CHR6		35799207	35799508	12
CHR10		130831979	130832278	CHR6		35799519	35799819	10
CHR10		130832416	130832716	CHR6		35799959	35800257	7
CHR10		130842199	130842499	CHR6		35806934	35807235	15
CHR10		130861410	130861711	CHR6		35819656	35819957	10
CHR10		130865403	130865664	CHR6		35823013	35823275	13
CHR10		130939485	130939766	CHR6		35851512	35851793	14
CHR10		130966101	130966401	CHR6		35864893	35865192	10
CHR10		130996357	130996655	CHR6		35873007	35873308	14
CHR10		131020887	131021188	CHR6		35884982	35885283	14
CHR10		131106816	131107117	CHR6		35913009	35913310	5
CHR10		131107461	131107762	CHR6		35913656	35913957	14
CHR10		131107942	131108258	CHR6		35914138	35914454	0
CHR10		131121320	131121619	CHR6		35918994	35919294	11
CHR10		131165256	131165556	CHR6		35936357	35936658	13
CHR10		131188187	131188487	CHR6		35941621	35941922	14
CHR10		131193393	131193689	CHR6		35946235	35946532	14
CHR10		131216056	131216342	CHR6		35956097	35956384	14
CHR10		131242665	131242966	CHR6		35974867	35975167	15
CHR10		131365914	131366214	CHR6		36030367	36030667	9
CHR10		131369696	131369996	CHR6		36033442	36033742	15
CHR10		131401325	131401626	CHR6		36054335	36054636	14
CHR10		131401725	131402025	CHR6		36054735	36055035	14
CHR10		131404202	131404497	CHR6		36057130	36057426	14
CHR10		131405979	131406280	CHR6		36059053	36059354	13
CHR10		131446282	131446638	CHR6		36079828	36080184	0
CHR10		131496895	131497196	CHR6		36096992	36097293	13
CHR10		131515108	131515409	CHR6		36110738	36111039	11
CHR10		131515438	131515738	CHR6		36111068	36111369	14
CHR10		131556037	131556338	CHR6		36123049	36123349	8
CHR10		131590351	131590652	CHR6		36147953	36148253	15
CHR10		131632008	131632283	CHR6		36156453	36156726	12
CHR10		131635339	131635635	CHR6		36160010	36160310	14
CHR10		131641882	131642180	CHR6		36170156	36170456	14
CHR10		131642887	131643188	CHR6		36171285	36171586	13
CHR10		131643547	131643848	CHR6		36171947	36172248	3
CHR10		131643917	131644214	CHR6		36172317	36172617	14
CHR10		131644759	131645059	CHR6		36173126	36173424	14
CHR10		131645976	131646277	CHR6		36174595	36174896	14
CHR10		131647087	131647387	CHR6		36175728	36176028	14
CHR10		131647966	131648267	CHR6		36176634	36176935	13
CHR10		131649316	131649617	CHR6		36178054	36178355	13
CHR10		131650041	131650339	CHR6		36178762	36179062	14
CHR10		131651583	131651839	CHR6		36180298	36180554	12
CHR10		131652002	131652303	CHR6		36180716	36181017	8
CHR10		131652799	131653097	CHR6		36181510	36181809	14
CHR10		131658999	131659297	CHR6		36186227	36186527	14
CHR10		131661285	131661570	CHR6		36188537	36188824	14
CHR10		131666428	131666728	CHR6		36192163	36192461	14
CHR10		131667964	131668264	CHR6		36193681	36193981	10
CHR10		131669151	131669450	CHR6		36194875	36195176	13
CHR10		131680580	131680881	CHR6		36206761	36207062	7
CHR10		131683851	131684113	CHR6		36209907	36210170	13
CHR10		131685572	131685873	CHR6		36211581	36211882	13
CHR10		131689187	131689487	CHR6		36215320	36215620	3
CHR10		131689529	131689794	CHR6		36215662	36215926	13
CHR10		131691600	131691905	CHR6		36217762	36218067	0
CHR10		131694124	131694423	CHR6		36220533	36220833	4
CHR10		131696236	131696525	CHR6		36225003	36225293	14
CHR10		131699788	131700079	CHR6		36229935	36230226	13
CHR10		131704175	131704475	CHR6		36234675	36234975	15
CHR10		131705913	131706212	CHR6		36236349	36236650	14
CHR10		131706286	131706586	CHR6		36236724	36237023	14
CHR10		131710886	131711185	CHR6		36239775	36240076	13
CHR10		131743009	131743309	CHR6		36257490	36257791	15
CHR10		131750661	131750962	CHR6		36263807	36264108	14
CHR10		131755870	131756171	CHR6		36269549	36269850	9
CHR10		131756226	131756527	CHR6		36269905	36270206	14
CHR10		131768299	131768600	CHR6		36273675	36273976	14
