chr4	173651915	173652205	chr4	42882721	42883012	290	291	0.93
chr4	144674034	144674190	chr4	30318290	30318446	156	156	0.92
chr4	174037246	174037565	chr4	43043804	43044124	319	320	0.93
chr4	101024377	101024963	chr4	59910334	59910928	586	594	0.91
chr4	101025164	101025255	chr4	59911162	59911254	91	92	0.91
chr4	101025339	101025576	chr4	59911390	59911631	237	241	0.91
chr4	101027946	101028076	chr4	59914006	59914136	130	130	0.92
chr4	101029005	101029165	chr4	59915019	59915177	160	158	0.91
chr4	101029195	101029289	chr4	59915207	59915299	94	92	0.91
chr4	84470937	84471103	chr4	46210692	46210858	166	166	0.92
chr4	84459915	84459967	chr4	46209010	46209062	52	52	0.90
chr4	71442538	71442588	chr4	49736268	49736318	50	50	0.90
chr4	95538215	95538422	chr4	58436344	58436551	207	207	0.90
chr4	67077000	67077112	chr4	50959422	50959535	112	113	0.90
chr4	93654408	93654545	chr4	36430783	36430919	137	136	0.90
chr4	97396466	97396620	chr4	59080979	59081134	154	155	0.90
chr4	95838262	95838318	chr4	58541861	58541917	56	56	0.91
chr4	144375802	144376014	chr4	30209196	30209406	212	210	0.91
chr4	142725959	142726015	chr4	29787559	29787615	56	56	0.91
chr4	79687171	79687352	chr4	44572456	44572635	181	179	0.92
chr4	79687468	79687909	chr4	44572750	44573188	441	438	0.92
chr4	134594937	134594988	chr4	26925405	26925456	51	51	0.90
chr4	150794795	150795216	chr4	32564243	32564662	421	419	0.93
chr4	95454502	95454624	chr4	58373368	58373492	122	124	0.90
chr4	95457579	95457631	chr4	58374924	58374976	52	52	0.90
chr4	161988815	161988880	chr4	22448382	22448447	65	65	0.94
chr4	83809804	83809966	chr4	45997987	45998149	162	162	0.98
chr4	84418945	84419007	chr4	46195133	46195195	62	62	0.90
chr4	83856865	83856915	chr4	46016244	46016294	50	50	0.90
chr4	137543256	137543407	chr4	28135238	28135389	151	151	0.92
chr4	140109680	140109999	chr4	29019740	29020060	319	320	0.97
chr4	146263513	146264233	chr4	30858580	30859293	720	713	0.92
chr4	78987482	78988026	chr4	44372279	44372822	544	543	0.94
chr4	83857074	83857141	chr4	46016453	46016520	67	67	0.91
chr4	173765625	173765706	chr4	42925498	42925579	81	81	0.90
chr4	173766443	173766554	chr4	42926296	42926407	111	111	0.90
chr4	84443547	84443972	chr4	46204436	46204865	425	429	0.91
chr4	89998256	89998392	chr4	34961803	34961939	136	136	0.90
chr4	80027565	80027679	chr4	44682223	44682337	114	114	0.90
chr4	80027681	80027793	chr4	44682339	44682451	112	112	0.90
chr4	80028472	80028525	chr4	44683152	44683205	53	53	0.91
chr4	83851442	83851555	chr4	46011362	46011475	113	113	0.90
chr4	173980074	173980232	chr4	43025624	43025782	158	158	0.93
chr4	101024517	101025083	chr4	59910479	59911039	566	560	0.92
chr4	101025339	101025570	chr4	59911390	59911625	231	235	0.92
chr4	101029006	101029165	chr4	59915021	59915177	159	156	0.92
chr4	150546558	150546616	chr4	32432824	32432882	58	58	0.98
chr4	150547488	150547573	chr4	32433844	32433929	85	85	0.99
chr4	150547659	150547759	chr4	32434015	32434115	100	100	0.97
chr4	84366237	84366678	chr4	46170830	46171272	441	442	0.95
chr4	83851442	83851555	chr4	46011362	46011475	113	113	0.90
chr4	173651608	173651675	chr4	42882415	42882483	67	68	0.93
chr4	173651788	173651905	chr4	42882594	42882711	117	117	0.93
chr4	173651915	173651970	chr4	42882721	42882776	55	55	0.93
chr4	173651977	173652276	chr4	42882784	42883083	299	299	0.93
chr4	150546396	150546622	chr4	32432664	32432888	226	224	0.94
chr4	150547488	150547759	chr4	32433844	32434115	271	271	0.94
chr4	95472629	95472800	chr4	58383855	58384027	171	172	0.91
chr4	64847835	64847980	chr4	50430271	50430416	145	145	0.90
chr4	79445436	79445521	chr4	44490444	44490529	85	85	0.91
chr4	147011958	147012152	chr4	31173943	31174138	194	195	0.91
chr4	147012843	147013392	chr4	31174816	31175358	549	542	0.91
chr4	147014718	147015323	chr4	31176183	31176789	605	606	0.91
chr4	147015435	147015515	chr4	31176898	31176978	80	80	0.91
chr4	148345127	148345230	chr4	31704610	31704713	103	103	0.90
chr4	133131866	133131919	chr4	26335482	26335534	53	52	0.90
chr4	83829833	83830242	chr4	46004034	46004444	409	410	0.94
chr4	95531258	95531343	chr4	58430791	58430876	85	85	0.92
chr4	150937260	150937560	chr4	32632540	32632839	300	299	0.94
chr4	79165012	79165347	chr4	44414999	44415334	335	335	0.95
chr4	80025442	80025611	chr4	44677599	44677770	169	171	0.91
chr4	80027565	80027677	chr4	44682223	44682335	112	112	0.91
chr4	80027681	80027788	chr4	44682339	44682447	107	108	0.91
chr4	146453259	146453625	chr4	30948938	30949304	366	366	0.94
chr4	61429886	61429957	chr4	47427808	47427879	71	71	0.90
chr4	80025425	80025600	chr4	44677582	44677759	175	177	0.90
chr4	92566442	92566494	chr4	35917638	35917690	52	52	0.90
chr4	173821972	173822034	chr4	42949577	42949638	62	61	0.92
chr4	139839587	139839815	chr4	28893453	28893680	228	227	0.92
chr4	150794755	150795216	chr4	32564205	32564662	461	457	0.93
chr4	150796176	150796408	chr4	32565494	32565726	232	232	0.93
chr4	150797048	150797390	chr4	32566446	32566789	342	343	0.93
chr4	150798504	150798640	chr4	32567967	32568102	136	135	0.93
chr4	79445436	79445521	chr4	44490444	44490529	85	85	0.91
chr4	79445535	79445591	chr4	44490544	44490600	56	56	0.91
chr4	79445730	79445791	chr4	44490739	44490800	61	61	0.90
chr4	66274674	66274731	chr4	50783159	50783216	57	57	0.91
chr4	61918967	61919108	chr4	47712793	47712935	141	142	0.90
chr4	135548785	135548998	chr4	27455853	27456066	213	213	0.92
chr4	139763669	139763794	chr4	28865424	28865549	125	125	0.90
chr4	96637991	96638391	chr4	58849883	58850282	400	399	0.95
chr4	148980724	148980833	chr4	31908539	31908647	109	108	0.91
chr4	148981062	148981139	chr4	31908991	31909067	77	76	0.91
chr4	147036564	147036940	chr4	31192299	31192676	376	377	0.94
chr4	147036990	147037420	chr4	31192726	31193165	430	439	0.94
chr4	147037691	147037817	chr4	31193415	31193543	126	128	0.94
chr4	150353326	150353403	chr4	32347830	32347908	77	78	0.91
chr4	149120265	149120320	chr4	31946062	31946118	55	56	0.91
chr4	84433602	84433867	chr4	46198581	46198847	265	266	0.95
chr4	84433878	84434046	chr4	46198867	46199035	168	168	0.95
chr4	84434344	84434742	chr4	46199317	46199715	398	398	0.95
chr4	4488717	4488781	chr4	78213718	78213782	64	64	0.92
chr4	4516019	4516439	chr4	78221168	78221585	420	417	0.92
chr4	4521706	4522026	chr4	78224586	78224905	320	319	0.96
chr4	97028146	97028358	chr4	58966510	58966722	212	212	0.92
chr4	67194335	67194387	chr4	50970957	50971009	52	52	0.90
chr4	159267144	159267362	chr4	21616080	21616303	218	223	0.94
chr4	159267739	159267793	chr4	21616674	21616727	54	53	0.94
chr4	159268067	159268140	chr4	21616983	21617057	73	74	0.95
chr4	146828949	146829583	chr4	31080256	31080896	634	640	0.91
chr4	146833683	146833769	chr4	31083886	31083972	86	86	0.91
chr4	146834595	146834691	chr4	31084903	31084999	96	96	0.91
chr4	150546366	150546625	chr4	32432636	32432891	259	255	0.93
chr4	150547471	150547779	chr4	32433827	32434135	308	308	0.93
chr4	129428595	129428753	chr4	25110529	25110687	158	158	0.92
chr4	60089348	60089427	chr4	47048375	47048454	79	79	0.91
chr4	130277831	130277882	chr4	25353923	25353973	51	50	0.90
chr4	147044639	147044943	chr4	31201369	31201676	304	307	0.93
chr4	79185713	79185798	chr4	44425478	44425564	85	86	0.91
chr4	145042954	145043006	chr4	30443214	30443266	52	52	0.90
chr4	145044597	145044646	chr4	30444805	30444855	49	50	0.92
chr4	137476577	137476680	chr4	28098181	28098285	103	104	0.90
chr4	137476714	137476775	chr4	28098319	28098380	61	61	0.90
chr4	160333340	160333420	chr4	21929343	21929423	80	80	0.90
chr4	79947530	79947648	chr4	44644401	44644519	118	118	0.92
chr4	150322562	150322968	chr4	32329771	32330177	406	406	0.94
chr4	41784779	41785012	chr4	68034194	68034426	233	232	0.93
chr4	41785802	41786003	chr4	68035597	68035799	201	202	0.93
chr4	139783336	139783390	chr4	28874663	28874717	54	54	0.91
chr4	139783819	139783931	chr4	28875181	28875294	112	113	0.91
chr4	173930591	173930651	chr4	42993300	42993360	60	60	0.90
chr4	173930701	173930762	chr4	42993411	42993472	61	61	0.90
chr4	79755804	79755876	chr4	44589008	44589080	72	72	0.90
chr4	137534074	137534390	chr4	28129987	28130303	316	316	0.94
chr4	61298452	61298545	chr4	47361850	47361943	93	93	0.91
chr4	84070282	84070591	chr4	46082484	46082793	309	309	0.94
chr4	149499506	149499637	chr4	32062442	32062573	131	131	0.90
chr4	95086694	95086745	chr4	58154861	58154912	51	51	0.90
chr4	96406785	96406839	chr4	58780533	58780587	54	54	0.91
chr4	130675338	130675447	chr4	25476836	25476946	109	110	0.91
chr4	144283674	144283769	chr4	30171307	30171402	95	95	0.91
chr4	144284241	144284360	chr4	30172439	30172560	119	121	0.91
chr4	174230831	174230977	chr4	43126897	43127044	146	147	0.90
chr4	97671051	97671103	chr4	59147774	59147826	52	52	0.90
chr4	79185808	79185870	chr4	44425575	44425636	62	61	0.90
chr4	79187282	79187343	chr4	44426621	44426683	61	62	0.90
chr4	134099776	134099908	chr4	26703978	26704110	132	132	0.90
chr4	134099916	134099967	chr4	26704116	26704168	51	52	0.90
chr4	79316086	79316198	chr4	44452402	44452514	112	112	0.91
chr4	79319866	79319919	chr4	44456216	44456269	53	53	0.91
chr4	131081351	131081505	chr4	25608149	25608304	154	155	0.90
chr4	150543181	150543238	chr4	32431092	32431149	57	57	0.91
chr4	150546366	150546675	chr4	32432636	32432940	309	304	0.91
chr4	150547359	150547792	chr4	32433715	32434148	433	433	0.91
chr4	148949942	148950124	chr4	31905355	31905537	182	182	0.92
chr4	95697023	95697139	chr4	58499312	58499428	116	116	0.93
chr4	83650788	83650898	chr4	45946837	45946947	110	110	0.92
chr4	150657900	150658162	chr4	32497565	32497827	262	262	0.94
chr4	83829859	83830229	chr4	46004061	46004430	370	369	0.95
chr4	83830658	83830888	chr4	46004853	46005081	230	228	0.95
chr4	83832256	83832600	chr4	46006594	46006945	344	351	0.95
chr4	59388043	59388121	chr4	46849430	46849509	78	79	0.92
chr4	59388230	59388293	chr4	46849617	46849680	63	63	0.92
chr4	173651795	173652221	chr4	42882601	42883028	426	427	0.92
chr4	84024427	84024576	chr4	46064672	46064821	149	149	0.91
chr4	79531936	79532154	chr4	44520082	44520300	218	218	0.93
chr4	129363982	129364046	chr4	25100674	25100740	64	66	0.91
chr4	92303618	92303720	chr4	35785462	35785565	102	103	0.91
chr4	92307892	92308140	chr4	35789509	35789758	248	249	0.91
chr4	146154263	146154435	chr4	30805458	30805629	172	171	0.92
chr4	79385699	79386001	chr4	44470175	44470477	302	302	0.96
chr4	133144006	133144068	chr4	26350630	26350692	62	62	0.90
chr4	146787684	146788125	chr4	31065777	31066222	441	445	0.94
chr4	59674815	59674955	chr4	46922501	46922641	140	140	0.91
chr4	147011958	147012152	chr4	31173943	31174138	194	195	0.91
chr4	147012843	147013392	chr4	31174816	31175358	549	542	0.91
chr4	147014718	147015323	chr4	31176183	31176789	605	606	0.91
chr4	147015435	147015515	chr4	31176898	31176978	80	80	0.91
chr4	150794746	150795216	chr4	32564195	32564662	470	467	0.92
chr4	150797048	150797401	chr4	32566446	32566800	353	354	0.92
chr4	150322535	150322968	chr4	32329747	32330177	433	430	0.92
chr4	150325925	150326004	chr4	32332116	32332196	79	80	0.92
chr4	83766883	83767036	chr4	45976993	45977146	153	153	0.98
chr4	150411504	150411886	chr4	32380789	32381172	382	383	0.92
chr4	83885880	83886185	chr4	46025367	46025672	305	305	0.95
chr4	94944851	94944901	chr4	58057743	58057793	50	50	0.92
chr4	4849267	4849318	chr4	78380848	78380899	51	51	0.92
chr4	84001862	84001962	chr4	46060211	46060312	100	101	0.90
chr4	84001974	84002038	chr4	46060323	46060387	64	64	0.91
chr4	84002251	84002334	chr4	46060627	46060708	83	81	0.90
chr4	83977910	83977965	chr4	46053737	46053792	55	55	0.91
chr4	150599263	150599949	chr4	32468109	32468797	686	688	0.96
chr4	150817879	150818093	chr4	32579659	32579874	214	215	0.93
chr4	95452274	95452424	chr4	58371457	58371607	150	150	0.93
chr4	150491573	150491650	chr4	32414623	32414701	77	78	0.91
chr4	150495679	150495750	chr4	32416288	32416358	71	70	0.91
chr4	150495774	150495833	chr4	32416381	32416440	59	59	0.92
chr4	150497595	150497653	chr4	32418494	32418553	58	59	0.91
chr4	150497797	150498219	chr4	32418681	32419103	422	422	0.91
chr4	61298487	61298565	chr4	47361885	47361966	78	81	0.91
chr4	61298568	61298635	chr4	47361970	47362037	67	67	0.91
chr4	150569444	150569691	chr4	32442786	32443031	247	245	0.91
chr4	150570322	150570551	chr4	32443445	32443673	229	228	0.91
chr4	150570994	150571189	chr4	32444140	32444336	195	196	0.91
chr4	150571784	150571881	chr4	32444919	32445018	97	99	0.92
chr4	150572638	150573398	chr4	32445807	32446555	760	748	0.91
chr4	150575103	150575188	chr4	32448269	32448353	85	84	0.92
chr4	140037878	140038049	chr4	28982811	28982982	171	171	0.92
chr4	137375516	137375654	chr4	28057403	28057540	138	137	0.91
chr4	144375593	144375753	chr4	30209001	30209162	160	161	0.92
chr4	144375806	144376014	chr4	30209200	30209406	208	206	0.92
chr4	83724104	83724248	chr4	45968219	45968363	144	144	0.91
chr4	83724287	83725181	chr4	45968423	45969316	894	893	0.91
chr4	78984978	78985109	chr4	44370593	44370725	131	132	0.91
chr4	78987491	78988079	chr4	44372288	44372872	588	584	0.91
chr4	148448758	148448813	chr4	31766611	31766666	55	55	0.91
chr4	173519270	173519383	chr4	42830147	42830260	113	113	0.94
chr4	79358467	79358812	chr4	44460891	44461239	345	348	0.94
chr4	66035649	66035704	chr4	50723170	50723226	55	56	0.91
chr4	65102900	65103010	chr4	50458005	50458115	110	110	0.91
chr4	136102234	136102284	chr4	27698663	27698714	50	51	0.90
chr4	83766883	83767036	chr4	45976993	45977146	153	153	0.98
chr4	79755810	79755870	chr4	44589014	44589074	60	60	0.93
chr4	79757153	79757205	chr4	44589996	44590048	52	52	0.94
chr4	146391954	146392146	chr4	30928658	30928851	192	193	0.90
chr4	151989854	151989910	chr4	33008080	33008136	56	56	0.91
chr4	151991851	151992076	chr4	33011222	33011445	225	223	0.91
chr4	151992294	151992369	chr4	33011666	33011741	75	75	0.92
chr4	101024416	101024950	chr4	59910373	59910914	534	541	0.93
chr4	101024953	101025083	chr4	59910909	59911037	130	128	0.94
chr4	101025168	101025255	chr4	59911166	59911254	87	88	0.93
chr4	101025313	101025396	chr4	59911364	59911447	83	83	0.93
chr4	101025432	101025570	chr4	59911485	59911625	138	140	0.93
chr4	101027922	101027994	chr4	59913981	59914054	72	73	0.93
chr4	101028021	101028076	chr4	59914081	59914136	55	55	0.95
chr4	101029006	101029132	chr4	59915021	59915144	126	123	0.93
chr4	101029195	101029265	chr4	59915207	59915275	70	68	0.93
chr4	97105695	97105964	chr4	58987700	58987971	269	271	0.90
chr4	150569458	150569689	chr4	32442798	32443030	231	232	0.92
chr4	150570332	150570552	chr4	32443457	32443675	220	218	0.92
chr4	150570996	150571189	chr4	32444144	32444336	193	192	0.92
chr4	150572684	150573402	chr4	32445845	32446559	718	714	0.92
chr4	146829048	146829597	chr4	31080361	31080908	549	547	0.94
chr4	136247126	136247177	chr4	27785132	27785183	51	51	0.92
chr4	66124091	66124172	chr4	50750124	50750205	81	81	0.93
chr4	83928332	83928466	chr4	46041529	46041663	134	134	0.93
chr4	147011969	147012109	chr4	31173954	31174094	140	140	0.95
chr4	147012904	147013421	chr4	31174869	31175390	517	521	0.94
chr4	147014914	147015305	chr4	31176380	31176771	391	391	0.94
chr4	129767367	129767431	chr4	25195943	25196008	64	65	0.91
chr4	66708743	66708839	chr4	50878241	50878337	96	96	0.92
chr4	79634138	79634311	chr4	44564124	44564297	173	173	0.93
chr4	148980720	148980833	chr4	31908534	31908647	113	113	0.90
chr4	148981062	148981139	chr4	31908991	31909067	77	76	0.91
chr4	79082934	79083358	chr4	44400353	44400778	424	425	0.94
chr4	84407817	84408222	chr4	46185060	46185464	405	404	0.97
chr4	129245212	129245279	chr4	25064055	25064122	67	67	0.93
chr4	129245337	129245405	chr4	25064180	25064248	68	68	0.93
chr4	130277885	130277939	chr4	25353975	25354029	54	54	0.91
chr4	150817905	150818142	chr4	32579684	32579922	237	238	0.92
chr4	150818372	150818454	chr4	32580146	32580227	82	81	0.91
chr4	150532107	150532551	chr4	32425783	32426226	444	443	0.93
chr4	146261951	146262013	chr4	30858852	30858916	62	64	0.92
chr4	146263536	146264260	chr4	30858595	30859320	724	725	0.92
chr4	174198850	174199113	chr4	43105393	43105656	263	263	0.94
chr4	150366947	150367004	chr4	32357646	32357703	57	57	0.95
chr4	150497797	150498113	chr4	32418681	32418997	316	316	0.96
chr4	79915430	79915497	chr4	44627349	44627416	67	67	0.91
chr4	144292923	144292976	chr4	30177687	30177740	53	53	0.91
chr4	189503130	189503234	chr4	62220803	62220908	104	105	0.91
chr4	189503320	189503398	chr4	62220993	62221072	78	79	0.91
chr4	166805488	166805602	chr4	23967230	23967344	114	114	0.90
chr4	171894100	171894231	chr4	42240309	42240440	131	131	0.91
chr4	93700965	93701061	chr4	36451259	36451355	96	96	0.91
chr4	4521716	4522037	chr4	78224595	78224917	321	322	0.94
chr4	97142575	97142715	chr4	58999428	58999567	140	139	0.91
chr4	146711185	146711278	chr4	31034639	31034732	93	93	0.90
chr4	146711294	146711473	chr4	31034747	31034923	179	176	0.90
chr4	41784779	41785061	chr4	68034194	68034475	282	281	0.92
chr4	41785741	41786003	chr4	68035537	68035799	262	262	0.92
chr4	139957901	139958036	chr4	28947616	28947751	135	135	0.93
chr4	139962317	139962455	chr4	28950766	28950905	138	139	0.92
chr4	150436093	150436249	chr4	32392917	32393072	156	155	0.92
chr4	150439338	150439862	chr4	32395465	32395994	524	529	0.91
chr4	80821571	80821623	chr4	44837675	44837727	52	52	0.90
chr4	157336967	157337069	chr4	20940390	20940492	102	102	0.90
chr4	84312566	84312803	chr4	46157694	46157930	237	236	0.93
chr4	173879375	173879429	chr4	42971873	42971929	54	56	0.91
chr4	171110844	171110902	chr4	41962299	41962358	58	59	0.91
chr4	171110989	171111045	chr4	41962447	41962503	56	56	0.91
chr4	165741095	165741150	chr4	23461493	23461548	55	55	0.91
chr4	72307715	72307838	chr4	49903900	49904023	123	123	0.90
chr4	79687494	79687866	chr4	44572778	44573150	372	372	0.96
chr4	117210534	117210727	chr4	55001559	55001752	193	193	0.92
chr4	117210800	117210963	chr4	55001826	55001989	163	163	0.91
chr4	134581211	134581308	chr4	26917894	26917991	97	97	0.92
chr4	134581321	134581385	chr4	26918007	26918071	64	64	0.92
chr4	89906692	89906798	chr4	34916967	34917073	106	106	0.91
chr4	136318237	136318474	chr4	27827423	27827660	237	237	0.94
chr4	139839606	139839832	chr4	28893472	28893696	226	224	0.90
chr4	139841587	139841693	chr4	28895637	28895741	106	104	0.90
chr4	159238805	159238902	chr4	21598765	21598865	97	100	0.91
chr4	159243662	159243805	chr4	21603520	21603664	143	144	0.90
chr4	80821571	80821623	chr4	44837675	44837727	52	52	0.90
chr4	129379014	129379163	chr4	25104807	25104956	149	149	0.91
chr4	62068042	62068293	chr4	47787625	47787877	251	252	0.95
chr4	61912657	61912718	chr4	47706872	47706933	61	61	0.93
chr4	154161022	154161144	chr4	19674986	19675108	122	122	0.93
chr4	147036974	147037416	chr4	31192710	31193161	442	451	0.94
chr4	166972246	166972302	chr4	24028941	24028997	56	56	0.91
chr4	61812350	61812413	chr4	47654004	47654067	63	63	0.90
chr4	61812437	61812532	chr4	47654091	47654186	95	95	0.91
chr4	146762178	146762278	chr4	31049481	31049581	100	100	0.90
chr4	80197412	80197506	chr4	44733451	44733546	94	95	0.94
chr4	95222440	95222637	chr4	58232385	58232582	197	197	0.94
chr4	72410390	72410482	chr4	49968105	49968196	92	91	0.91
chr4	173880964	173881285	chr4	42973361	42973679	321	318	0.94
chr4	92101049	92101226	chr4	35715837	35716014	177	177	0.90
chr4	145043081	145043173	chr4	30443350	30443443	92	93	0.93
chr4	145043370	145043611	chr4	30443658	30443897	241	239	0.93
chr4	133713497	133713666	chr4	26588600	26588770	169	170	0.92
chr4	79622609	79622721	chr4	44554796	44554908	112	112	0.90
chr4	79623155	79623256	chr4	44555243	44555344	101	101	0.90
chr4	79625448	79625751	chr4	44556335	44556638	303	303	0.90
chr4	79625883	79625944	chr4	44556763	44556824	61	61	0.90
chr4	79625964	79626027	chr4	44556844	44556907	63	63	0.90
chr4	94115647	94115980	chr4	36562713	36563041	333	328	0.93
chr4	62223254	62223327	chr4	47819819	47819892	73	73	0.90
chr4	62223342	62223405	chr4	47819908	47819971	63	63	0.90
chr4	147011982	147012109	chr4	31173967	31174094	127	127	0.95
chr4	147012922	147013424	chr4	31174888	31175392	502	504	0.95
chr4	147014969	147015323	chr4	31176435	31176789	354	354	0.95
chr4	147015443	147015503	chr4	31176906	31176966	60	60	0.95
chr4	11869212	11869453	chr4	77471316	77471556	241	240	0.93
chr4	146842998	146843076	chr4	31088651	31088729	78	78	0.91
chr4	146847117	146847513	chr4	31090911	31091307	396	396	0.91
chr4	172521521	172521572	chr4	42467421	42467472	51	51	0.90
chr4	172521695	172521805	chr4	42467607	42467717	110	110	0.90
chr4	146761730	146761869	chr4	31049075	31049215	139	140	0.91
chr4	146764234	146764315	chr4	31052870	31052951	81	81	0.91
chr4	173879529	173879645	chr4	42972033	42972150	116	117	0.93
chr4	173880964	173881295	chr4	42973360	42973689	331	329	0.93
chr4	144189242	144189425	chr4	30151305	30151488	183	183	0.92
chr4	79623133	79623241	chr4	44555221	44555329	108	108	0.91
chr4	79625461	79625760	chr4	44556348	44556649	299	301	0.91
chr4	92303609	92303717	chr4	35785453	35785561	108	108	0.91
chr4	92307884	92308131	chr4	35789501	35789749	247	248	0.90
chr4	92308146	92308218	chr4	35789759	35789831	72	72	0.90
chr4	144705976	144706164	chr4	30344300	30344488	188	188	0.94
chr4	144706454	144706530	chr4	30344772	30344848	76	76	0.93
chr4	84058359	84058420	chr4	46080607	46080669	61	62	0.90
chr4	144356349	144356681	chr4	30202733	30203066	332	333	0.95
chr4	150856784	150856834	chr4	32600113	32600163	50	50	0.90
chr4	172035629	172035684	chr4	42293107	42293162	55	55	0.91
chr4	172035698	172035794	chr4	42293176	42293272	96	96	0.92
chr4	59317215	59317271	chr4	46828385	46828441	56	56	0.93
chr4	33437671	33437815	chr4	70635593	70635739	144	146	0.90
chr4	33437935	33437989	chr4	70635859	70635913	54	54	0.91
chr4	79526785	79526923	chr4	44515650	44515787	138	137	0.94
chr4	79526933	79527049	chr4	44515787	44515903	116	116	0.94
chr4	79531933	79532049	chr4	44520077	44520195	116	118	0.94
chr4	174164857	174164908	chr4	43093725	43093776	51	51	0.90
chr4	144189244	144189374	chr4	30151306	30151437	130	131	0.94
chr4	80685422	80685533	chr4	44788423	44788534	111	111	0.90
chr4	139957901	139958036	chr4	28947616	28947751	135	135	0.93
chr4	139962321	139962455	chr4	28950770	28950905	134	135	0.93
chr4	173859363	173859418	chr4	42964286	42964341	55	55	0.91
chr4	79854837	79854969	chr4	44606481	44606613	132	132	0.91
chr4	137576617	137576697	chr4	28146224	28146303	80	79	0.95
chr4	97791232	97791337	chr4	59182391	59182495	105	104	0.90
chr4	146436071	146436200	chr4	30938947	30939075	129	128	0.92
chr4	146720204	146720276	chr4	31041244	31041317	72	73	0.90
chr4	146720470	146720539	chr4	31041529	31041597	69	68	0.91
chr4	79445436	79445521	chr4	44490444	44490529	85	85	0.91
chr4	146443697	146443938	chr4	30944839	30945081	241	242	0.90
chr4	79958652	79958756	chr4	44654547	44654651	104	104	0.90
chr4	79714111	79714222	chr4	44580067	44580180	111	113	0.91
chr4	188809761	188809854	chr4	61982131	61982224	93	93	0.92
chr4	83829867	83830301	chr4	46004069	46004497	434	428	0.92
chr4	83830545	83830926	chr4	46004740	46005119	381	379	0.92
chr4	83832259	83832654	chr4	46006597	46006998	395	401	0.92
chr4	96104153	96104205	chr4	58644519	58644571	52	52	0.90
chr4	94960598	94960662	chr4	58063006	58063070	64	64	0.94
chr4	66408296	66408411	chr4	50818976	50819091	115	115	0.90
chr4	153824644	153824789	chr4	19548208	19548354	145	146	0.92
chr4	145043374	145043611	chr4	30443662	30443897	237	235	0.94
chr4	150314910	150315560	chr4	32325102	32325749	650	647	0.91
chr4	150315827	150315978	chr4	32326039	32326190	151	151	0.91
chr4	146171487	146171686	chr4	30812943	30813143	199	200	0.92
chr4	84384814	84385030	chr4	46179217	46179433	216	216	0.94
chr4	83676766	83677124	chr4	45956274	45956634	358	360	0.91
chr4	149489386	149489670	chr4	32056735	32057019	284	284	0.94
chr4	131022232	131022570	chr4	25943323	25943659	338	336	0.93
chr4	97252553	97252640	chr4	59041939	59042026	87	87	0.93
chr4	139809049	139809172	chr4	28881807	28881929	123	122	0.90
chr4	95499524	95499580	chr4	58401195	58401250	56	55	0.91
chr4	157360143	157360214	chr4	20956440	20956512	71	72	0.97
chr4	157360631	157360802	chr4	20956916	20957084	171	168	0.97
chr4	157361347	157361687	chr4	20957637	20957977	340	340	0.97
chr4	67047709	67047759	chr4	50952087	50952137	50	50	0.90
chr4	79058488	79058540	chr4	44394128	44394180	52	52	0.90
chr4	94988747	94988801	chr4	58070611	58070665	54	54	0.91
chr4	170284334	170284573	chr4	41777066	41777305	239	239	0.92
chr4	163988489	163988718	chr4	23010209	23010439	229	230	0.90
chr4	163988910	163989067	chr4	23010654	23010812	157	158	0.90
chr4	165766153	165766222	chr4	23476217	23476286	69	69	0.91
chr4	161146416	161146477	chr4	22195407	22195468	61	61	0.93
chr4	61918972	61919108	chr4	47712798	47712935	136	137	0.91
chr4	61919132	61919224	chr4	47712959	47713051	92	92	0.91
chr4	61919267	61919325	chr4	47713093	47713152	58	59	0.91
chr4	61919334	61919437	chr4	47713160	47713263	103	103	0.91
chr4	146645951	146646109	chr4	31022367	31022525	158	158	0.94
chr4	79651720	79651802	chr4	44568337	44568417	82	80	0.90
chr4	151991881	151992143	chr4	33011252	33011513	262	261	0.90
chr4	151992276	151992369	chr4	33011648	33011741	93	93	0.90
chr4	83724335	83724698	chr4	45968472	45968835	363	363	0.96
chr4	150336753	150336988	chr4	32337806	32338041	235	235	0.92
chr4	150337978	150338056	chr4	32340487	32340564	78	77	0.92
chr4	80025439	80025593	chr4	44677596	44677752	154	156	0.91
chr4	80027565	80027677	chr4	44682223	44682335	112	112	0.91
chr4	146768594	146769082	chr4	31059093	31059579	488	486	0.96
chr4	62028812	62029035	chr4	47760311	47760534	223	223	0.93
chr4	133207401	133207511	chr4	26400394	26400504	110	110	0.91
chr4	133208687	133208848	chr4	26402550	26402712	161	162	0.91
chr4	138051784	138051836	chr4	28338480	28338532	52	52	0.90
chr4	95187291	95187384	chr4	58212939	58213032	93	93	0.92
chr4	146829477	146829583	chr4	31080791	31080896	106	105	0.92
chr4	146833693	146833756	chr4	31083896	31083959	63	63	0.92
chr4	146834470	146834524	chr4	31084745	31084799	54	54	0.93
chr4	146834599	146834681	chr4	31084907	31084990	82	83	0.93
chr4	157336302	157336823	chr4	20939727	20940251	521	524	0.91
chr4	157336979	157337069	chr4	20940402	20940492	90	90	0.91
chr4	157341205	157341263	chr4	20943629	20943686	58	57	0.91
chr4	79622609	79622721	chr4	44554796	44554908	112	112	0.90
chr4	79623155	79623256	chr4	44555243	44555344	101	101	0.90
chr4	79625448	79625751	chr4	44556335	44556638	303	303	0.90
chr4	79625883	79625944	chr4	44556763	44556824	61	61	0.90
chr4	79625964	79626027	chr4	44556844	44556907	63	63	0.90
chr4	4818069	4818391	chr4	78361147	78361469	322	322	0.92
chr4	130178362	130178412	chr4	25311644	25311694	50	50	0.90
chr4	8837942	8838015	chr4	80954731	80954804	73	73	0.93
chr4	65583572	65583703	chr4	50615628	50615759	131	131	0.91
chr4	140273807	140273972	chr4	29074598	29074762	165	164	0.92
chr4	138090109	138090270	chr4	28348312	28348475	161	163	0.91
chr4	88759459	88759525	chr4	34564320	34564387	66	67	0.92
chr4	146636431	146636781	chr4	31017370	31017720	350	350	0.94
chr4	93964746	93964796	chr4	36528317	36528367	50	50	0.90
chr4	150491573	150491699	chr4	32414624	32414750	126	126	0.90
chr4	147923991	147924054	chr4	31498568	31498631	63	63	0.90
chr4	79273888	79274354	chr4	44439759	44440225	466	466	0.93
chr4	173746514	173746682	chr4	42915615	42915783	168	168	0.90
chr4	93994725	93994926	chr4	36536503	36536704	201	201	0.90
chr4	144779920	144779994	chr4	30381048	30381123	74	75	0.92
chr4	144370288	144370680	chr4	30206539	30206932	392	393	0.94
chr4	61681259	61681326	chr4	47590935	47591005	67	70	0.91
chr4	151989854	151989910	chr4	33008080	33008136	56	56	0.91
chr4	129343318	129343472	chr4	25089188	25089342	154	154	0.92
chr4	95452269	95452463	chr4	58371452	58371646	194	194	0.90
chr4	95454502	95454624	chr4	58373368	58373492	122	124	0.90
chr4	96132117	96132172	chr4	58655059	58655114	55	55	0.91
chr4	146829040	146829583	chr4	31080354	31080896	543	542	0.94
chr4	94253139	94253254	chr4	36598782	36598897	115	115	0.91
chr4	146834602	146834697	chr4	31084910	31085005	95	95	0.91
chr4	166008048	166008099	chr4	23599467	23599518	51	51	0.92
chr4	134099776	134099894	chr4	26703978	26704096	118	118	0.92
chr4	147050177	147050334	chr4	31208885	31209042	157	157	0.90
chr4	129804609	129804680	chr4	25210153	25210227	71	74	0.90
chr4	138688522	138688577	chr4	28573738	28573793	55	55	0.91
chr4	84443491	84443841	chr4	46204380	46204735	350	355	0.94
chr4	146857702	146857752	chr4	31098995	31099045	50	50	0.90
chr4	59388040	59388123	chr4	46849426	46849511	83	85	0.90
chr4	153257308	153257363	chr4	19312365	19312421	55	56	0.93
chr4	65552246	65552556	chr4	50594377	50594687	310	310	0.91
chr4	117210540	117210739	chr4	55001565	55001764	199	199	0.91
chr4	147940301	147940492	chr4	31503543	31503734	191	191	0.93
chr4	172597261	172597321	chr4	42492283	42492343	60	60	0.90
chr4	61429784	61429880	chr4	47427703	47427802	96	99	0.91
chr4	173930593	173930651	chr4	42993302	42993360	58	58	0.91
chr4	173930701	173930759	chr4	42993411	42993469	58	58	0.91
chr4	61741021	61741144	chr4	47627864	47627987	123	123	0.91
chr4	139921743	139922086	chr4	28934135	28934479	343	344	0.95
chr4	144694219	144694303	chr4	30331157	30331241	84	84	0.90
chr4	144694484	144694538	chr4	30331422	30331476	54	54	0.91
chr4	83972022	83972075	chr4	46051415	46051467	53	52	0.90
chr4	83766864	83767345	chr4	45976974	45977453	481	479	0.93
chr4	97631766	97631833	chr4	59129944	59130011	67	67	0.91
chr4	135548785	135549087	chr4	27455853	27456157	302	304	0.90
chr4	133156324	133156376	chr4	26361451	26361502	52	51	0.90
chr4	133156438	133156495	chr4	26361564	26361621	57	57	0.91
chr4	133156748	133156802	chr4	26361833	26361886	54	53	0.91
chr4	144283674	144283769	chr4	30171307	30171402	95	95	0.91
chr4	144284246	144284366	chr4	30172444	30172565	120	121	0.91
chr4	90875628	90875793	chr4	35382193	35382358	165	165	0.92
chr4	150356140	150356413	chr4	32350746	32351017	273	271	0.95
chr4	173536159	173536336	chr4	42841733	42841910	177	177	0.93
chr4	98572942	98573003	chr4	59439290	59439351	61	61	0.90
chr4	79495524	79495789	chr4	44506658	44506924	265	266	0.97
chr4	137015824	137016041	chr4	27978770	27978986	217	216	0.92
chr4	174087136	174087332	chr4	43055662	43055858	196	196	0.91
chr4	84363007	84363399	chr4	46169234	46169625	392	391	0.93
chr4	84366237	84366720	chr4	46170830	46171314	483	484	0.93
chr4	129180643	129180827	chr4	25047178	25047362	184	184	0.93
chr4	172404721	172404959	chr4	42416807	42417046	238	239	0.94
chr4	146847261	146847542	chr4	31091054	31091336	281	282	0.94
chr4	150790026	150790245	chr4	32558868	32559087	219	219	0.92
chr4	150779867	150779968	chr4	32556513	32556614	101	101	0.91
chr4	79023880	79024262	chr4	44377746	44378128	382	382	0.95
chr4	61896294	61896388	chr4	47696927	47697021	94	94	0.90
chr4	84058360	84058420	chr4	46080609	46080669	60	60	0.92
chr4	84276862	84276968	chr4	46151384	46151490	106	106	0.92
chr4	173782647	173783003	chr4	42931470	42931827	356	357	0.94
chr4	139833334	139833468	chr4	28889224	28889359	134	135	0.94
chr4	57443018	57443072	chr4	46445611	46445665	54	54	0.91
chr4	144705976	144706247	chr4	30344300	30344571	271	271	0.92
chr4	95018914	95019018	chr4	58100731	58100835	104	104	0.91
chr4	166071192	166071247	chr4	23637279	23637334	55	55	0.91
chr4	173907070	173907368	chr4	42982766	42983065	298	299	0.93
chr4	139783819	139783962	chr4	28875181	28875325	143	144	0.90
chr4	150596127	150596343	chr4	32464792	32465011	216	219	0.93
chr4	150599261	150600035	chr4	32468106	32468878	774	772	0.92
chr4	150600802	150601110	chr4	32469701	32470011	308	310	0.92
chr4	189826551	189826609	chr4	62342318	62342376	58	58	0.91
chr4	84324499	84324920	chr4	46161921	46162347	421	426	0.91
chr4	84325027	84325250	chr4	46162416	46162639	223	223	0.91
chr4	147236621	147236673	chr4	31277353	31277405	52	52	0.90
chr4	62063433	62063504	chr4	47784233	47784305	71	72	0.90
chr4	62068007	62068318	chr4	47787593	47787899	311	306	0.90
chr4	144648006	144648481	chr4	30295738	30296214	475	476	0.96
chr4	144649706	144649896	chr4	30297364	30297553	190	189	0.96
chr4	129842271	129842332	chr4	25216093	25216154	61	61	0.92
chr4	149792022	149792095	chr4	32147049	32147123	73	74	0.92
chr4	133156438	133156495	chr4	26361564	26361621	57	57	0.91
chr4	83919487	83919649	chr4	46033616	46033778	162	162	0.92
chr4	92307890	92308144	chr4	35789507	35789762	254	255	0.91
chr4	150628138	150628638	chr4	32483411	32483916	500	505	0.93
chr4	83829850	83830237	chr4	46004052	46004438	387	386	0.95
chr4	83830658	83830919	chr4	46004853	46005112	261	259	0.95
chr4	83832256	83832604	chr4	46006594	46006948	348	354	0.95
chr4	150794766	150795216	chr4	32564215	32564662	450	447	0.93
chr4	150796182	150796410	chr4	32565500	32565728	228	228	0.93
chr4	150797055	150797390	chr4	32566453	32566789	335	336	0.93
chr4	150766768	150766840	chr4	32552205	32552277	72	72	0.92
chr4	174136238	174136424	chr4	43077896	43078083	186	187	0.90
chr4	79997064	79997150	chr4	44668033	44668119	86	86	0.93
chr4	150597887	150598018	chr4	32466675	32466805	131	130	0.93
chr4	150599214	150599965	chr4	32468066	32468813	751	747	0.93
chr4	150600872	150601218	chr4	32469771	32470119	346	348	0.93
chr4	96996021	96996161	chr4	58955309	58955450	140	141	0.91
chr4	150569459	150569676	chr4	32442800	32443017	217	217	0.94
chr4	150570336	150570545	chr4	32443460	32443667	209	207	0.94
chr4	150572698	150573382	chr4	32445857	32446539	684	682	0.94
chr4	130111007	130111078	chr4	25295279	25295350	71	71	0.90
chr4	66797539	66797640	chr4	50900933	50901035	101	102	0.92
chr4	62029595	62029655	chr4	47761117	47761177	60	60	0.90
chr4	98114961	98115084	chr4	59260241	59260364	123	123	0.90
chr4	98115244	98115298	chr4	59260525	59260579	54	54	0.91
chr4	94668769	94668853	chr4	57925136	57925220	84	84	0.90
chr4	94668888	94668939	chr4	57925258	57925309	51	51	0.90
chr4	94669218	94669275	chr4	57925605	57925662	57	57	0.93
chr4	146472459	146472639	chr4	30955738	30955917	180	179	0.93
chr4	150546356	150546625	chr4	32432625	32432891	269	266	0.92
chr4	150547477	150547842	chr4	32433833	32434199	365	366	0.92
chr4	79745514	79745722	chr4	44585986	44586197	208	211	0.90
chr4	130369555	130369798	chr4	25389253	25389497	243	244	0.90
chr4	145043066	145043179	chr4	30443334	30443449	113	115	0.90
chr4	145043374	145043630	chr4	30443662	30443920	256	258	0.91
chr4	173601500	173601554	chr4	42875846	42875900	54	54	0.91
chr4	173601566	173601688	chr4	42875912	42876034	122	122	0.90
chr4	173601703	173601768	chr4	42876049	42876114	65	65	0.91
chr4	93890641	93890750	chr4	36512347	36512454	109	107	0.94
chr4	90824798	90824929	chr4	35364735	35364866	131	131	0.90
chr4	173782647	173783003	chr4	42931470	42931827	356	357	0.94
chr4	79453600	79453953	chr4	44498066	44498417	353	351	0.96
chr4	137864023	137864240	chr4	28267293	28267510	217	217	0.91
chr4	189779602	189780128	chr4	62325768	62326293	526	525	0.93
chr4	137476580	137476680	chr4	28098184	28098285	100	101	0.91
chr4	66484628	66484684	chr4	50837604	50837661	56	57	0.91
chr4	150686916	150687080	chr4	32512988	32513152	164	164	0.92
chr4	146631613	146631815	chr4	31015127	31015330	202	203	0.93
chr4	146636420	146636781	chr4	31017359	31017720	361	361	0.93
chr4	147012915	147013395	chr4	31174879	31175360	480	481	0.96
chr4	79050501	79050780	chr4	44390708	44390988	279	280	0.95
chr4	117130974	117131029	chr4	54766775	54766830	55	55	0.91
chr4	64010358	64010463	chr4	48418139	48418244	105	105	0.90
chr4	61394740	61394807	chr4	47404314	47404381	67	67	0.91
chr4	150679746	150680938	chr4	32508043	32509241	1192	1198	0.92
chr4	150366934	150367004	chr4	32357634	32357703	70	69	0.93
chr4	79089400	79089505	chr4	44403591	44403696	105	105	0.90
chr4	95044276	95044510	chr4	58119687	58119921	234	234	0.91
chr4	93794328	93794422	chr4	36489198	36489292	94	94	0.90
chr4	79043279	79043382	chr4	44387146	44387248	103	102	0.91
chr4	95372118	95372333	chr4	58311645	58311861	215	216	0.90
chr4	148203444	148203597	chr4	31626529	31626683	153	154	0.92
chr4	84324499	84324882	chr4	46161921	46162305	383	384	0.96
chr4	79604255	79604411	chr4	44546705	44546861	156	156	0.91
chr4	66179073	66179132	chr4	50766290	50766349	59	59	0.92
chr4	150352768	150353073	chr4	32347292	32347596	305	304	0.92
chr4	150356064	150356421	chr4	32350658	32351024	357	366	0.92
chr4	146711309	146711463	chr4	31034762	31034913	154	151	0.93
chr4	144779761	144779827	chr4	30380910	30380975	66	65	0.94
chr4	144779830	144779880	chr4	30380973	30381023	50	50	0.92
chr4	144779920	144779994	chr4	30381048	30381123	74	75	0.92
chr4	144780005	144780066	chr4	30381134	30381195	61	61	0.93
chr4	144779646	144779704	chr4	30380805	30380863	58	58	0.91
chr4	144779761	144779827	chr4	30380910	30380975	66	65	0.94
chr4	144779920	144779994	chr4	30381048	30381123	74	75	0.92
chr4	144780004	144780066	chr4	30381134	30381195	62	61	0.92
chr4	96039969	96040032	chr4	58609409	58609471	63	62	0.90
chr4	173652040	173652217	chr4	42882847	42883024	177	177	0.96
chr4	146981363	146981607	chr4	31161144	31161388	244	244	0.93
chr4	79043184	79043245	chr4	44387051	44387110	61	59	0.92
chr4	79043279	79043382	chr4	44387146	44387248	103	102	0.91
chr4	79043415	79043473	chr4	44387271	44387329	58	58	0.91
chr4	149513647	149513717	chr4	32065548	32065618	70	70	0.90
chr4	150694537	150694681	chr4	32516779	32516924	144	145	0.90
chr4	150694712	150694786	chr4	32516942	32517016	74	74	0.91
chr4	66367362	66367573	chr4	50806955	50807173	211	218	0.91
chr4	83947370	83947617	chr4	46045473	46045720	247	247	0.96
chr4	150599266	150600014	chr4	32468113	32468863	748	750	0.93
chr4	150600872	150601232	chr4	32469772	32470134	360	362	0.93
chr4	83779370	83780010	chr4	45987850	45988499	640	649	0.97
chr4	61212848	61213037	chr4	47317184	47317373	189	189	0.92
chr4	148906598	148906723	chr4	31892209	31892334	125	125	0.91
chr4	64476497	64476558	chr4	48565756	48565817	61	61	0.90
chr4	178448525	178448668	chr4	41250879	41251022	143	143	0.90
chr4	149513647	149513717	chr4	32065548	32065618	70	70	0.90
chr4	79316086	79316198	chr4	44452402	44452515	112	113	0.90
chr4	79319866	79319919	chr4	44456216	44456269	53	53	0.91
chr4	150794803	150795246	chr4	32564250	32564695	443	445	0.91
chr4	150796004	150796113	chr4	32565311	32565419	109	108	0.91
chr4	150796141	150796402	chr4	32565456	32565720	261	264	0.91
chr4	150797020	150797401	chr4	32566420	32566800	381	380	0.91
chr4	150798474	150798654	chr4	32567937	32568116	180	179	0.91
chr4	133208681	133208794	chr4	26402545	26402657	113	112	0.93
chr4	84418227	84418518	chr4	46194255	46194545	291	290	0.94
chr4	79625883	79625944	chr4	44556763	44556824	61	61	0.90
chr4	146761732	146761869	chr4	31049077	31049215	137	138	0.92
chr4	83676766	83677098	chr4	45956274	45956607	332	333	0.93
chr4	6070053	6070107	chr4	78953414	78953468	54	54	0.91
chr4	83724317	83724711	chr4	45968454	45968849	394	395	0.95
chr4	83724821	83725148	chr4	45968956	45969283	327	327	0.95
chr4	138891094	138891146	chr4	28657529	28657581	52	52	0.90
chr4	138891651	138891785	chr4	28658064	28658200	134	136	0.90
chr4	84393435	84393659	chr4	46181619	46181843	224	224	0.91
chr4	83809804	83809983	chr4	45997987	45998166	179	179	0.96
chr4	150572684	150573332	chr4	32445845	32446490	648	645	0.95
chr4	58730562	58730631	chr4	46684108	46684177	69	69	0.93
chr4	4761225	4761451	chr4	78312495	78312721	226	226	0.90
chr4	79785160	79785321	chr4	44595262	44595425	161	163	0.90
chr4	130035406	130035457	chr4	25280878	25280929	51	51	0.90
chr4	161988815	161988880	chr4	22448382	22448447	65	65	0.94
chr4	144779761	144779827	chr4	30380910	30380975	66	65	0.94
chr4	144779934	144779994	chr4	30381063	30381123	60	60	0.97
chr4	144780005	144780066	chr4	30381134	30381195	61	61	0.93
chr4	157360611	157360857	chr4	20956896	20957140	246	244	0.93
chr4	157361347	157361780	chr4	20957636	20958062	433	426	0.93
chr4	79043180	79043239	chr4	44387047	44387106	59	59	0.92
chr4	79043273	79043376	chr4	44387140	44387243	103	103	0.91
chr4	79043415	79043473	chr4	44387271	44387329	58	58	0.91
chr4	146919934	146920246	chr4	31137368	31137681	312	313	0.96
chr4	97239260	97239637	chr4	59034991	59035368	377	377	0.94
chr4	79266171	79266229	chr4	44438324	44438383	58	59	0.91
chr4	65589594	65589645	chr4	50617851	50617902	51	51	0.90
chr4	150336745	150336988	chr4	32337798	32338041	243	243	0.91
chr4	150337857	150337915	chr4	32340356	32340414	58	58	0.91
chr4	150337992	150338056	chr4	32340502	32340564	64	62	0.92
chr4	79063860	79064159	chr4	44397872	44398171	299	299	0.96
chr4	84433612	84434248	chr4	46198593	46199238	636	645	0.91
chr4	84434305	84434776	chr4	46199284	46199748	471	464	0.91
chr4	84437825	84437902	chr4	46201123	46201200	77	77	0.91
chr4	148385265	148385392	chr4	31738139	31738266	127	127	0.91
chr4	148385399	148385451	chr4	31738274	31738326	52	52	0.90
chr4	152240520	152240669	chr4	33083160	33083309	149	149	0.92
chr4	144723467	144723818	chr4	30356738	30357086	351	348	0.90
chr4	79714108	79714219	chr4	44580064	44580174	111	110	0.91
chr4	111296770	111296841	chr4	57134745	57134816	71	71	0.90
chr4	138918569	138918631	chr4	28661066	28661129	62	63	0.92
chr4	150694514	150694678	chr4	32516758	32516921	164	163	0.90
chr4	84001867	84001952	chr4	46060216	46060301	85	85	0.93
chr4	4761225	4761448	chr4	78312495	78312718	223	223	0.91
chr4	4763462	4763558	chr4	78314275	78314371	96	96	0.91
chr4	95222172	95222359	chr4	58232100	58232285	187	185	0.90
chr4	95222433	95222681	chr4	58232378	58232627	248	249	0.90
chr4	174069970	174070382	chr4	43049299	43049710	412	411	0.92
chr4	150680379	150680964	chr4	32508681	32509266	585	585	0.96
chr4	134263032	134263319	chr4	26775870	26776157	287	287	0.91
chr4	83900062	83900261	chr4	46027103	46027302	199	199	0.93
chr4	154231958	154232009	chr4	19701092	19701143	51	51	0.90
chr4	154232061	154232118	chr4	19701185	19701242	57	57	0.91
chr4	83926161	83926330	chr4	46039310	46039475	169	165	0.90
chr4	83928228	83928391	chr4	46041422	46041588	163	166	0.90
chr4	94668774	94668853	chr4	57925141	57925220	79	79	0.91
chr4	94669221	94669275	chr4	57925608	57925662	54	54	0.94
chr4	61210393	61210500	chr4	47314345	47314452	107	107	0.91
chr4	61212862	61213053	chr4	47317198	47317389	191	191	0.91
chr4	173448764	173448870	chr4	42795764	42795870	106	106	0.92
chr4	128092993	128093051	chr4	33856699	33856757	58	58	0.91
chr4	97518015	97518187	chr4	59106734	59106906	172	172	0.90
chr4	137609725	137609778	chr4	28163147	28163202	53	55	0.91
chr4	166674020	166674121	chr4	23926084	23926186	101	102	0.90
chr4	166674184	166674246	chr4	23926249	23926311	62	62	0.90
chr4	146787696	146788159	chr4	31065789	31066256	463	467	0.93
chr4	79413547	79413867	chr4	44482426	44482746	320	320	0.97
chr4	150439505	150439871	chr4	32395637	32396003	366	366	0.94
chr4	150679865	150680270	chr4	32508157	32508561	405	404	0.97
chr4	150680401	150680960	chr4	32508703	32509263	559	560	0.97
chr4	137982706	137982788	chr4	28305621	28305703	82	82	0.91
chr4	94669204	94669275	chr4	57925592	57925662	71	70	0.90
chr4	1602425	1602507	chr4	83769665	83769747	82	82	0.90
chr4	1602540	1602601	chr4	83769781	83769843	61	62	0.90
chr4	4735175	4735281	chr4	78296044	78296150	106	106	0.92
chr4	4735306	4735381	chr4	78296175	78296250	75	75	0.92
chr4	129245321	129245407	chr4	25064164	25064250	86	86	0.91
chr4	84434353	84434742	chr4	46199326	46199715	389	389	0.95
chr4	61995652	61995726	chr4	47744832	47744906	74	74	0.91
chr4	61996071	61996244	chr4	47745258	47745434	173	176	0.90
chr4	173684098	173684148	chr4	42897243	42897294	50	51	0.90
chr4	91283781	91283929	chr4	35496234	35496385	148	151	0.92
chr4	80155393	80155606	chr4	44730536	44730749	213	213	0.93
chr4	150859628	150859785	chr4	32603964	32604123	157	159	0.93
chr4	101024377	101025113	chr4	59910334	59911067	736	733	0.90
chr4	101025311	101025603	chr4	59911362	59911659	292	297	0.90
chr4	101027853	101028076	chr4	59913912	59914136	223	224	0.90
chr4	150352767	150353070	chr4	32347290	32347592	303	302	0.93
chr4	150356013	150356405	chr4	32350608	32351011	392	403	0.93
chr4	174198845	174199092	chr4	43105388	43105634	247	246	0.94
chr4	145042954	145043006	chr4	30443214	30443266	52	52	0.90
chr4	145044597	145044646	chr4	30444805	30444855	49	50	0.92
chr4	145883184	145883290	chr4	30718805	30718912	106	107	0.92
chr4	91407013	91407095	chr4	35556654	35556735	82	81	0.91
chr4	133036875	133037014	chr4	26307579	26307719	139	140	0.93
chr4	147012915	147013425	chr4	31174882	31175394	510	512	0.95
chr4	147014914	147015305	chr4	31176380	31176771	391	391	0.94
chr4	90774715	90774858	chr4	35351213	35351357	143	144	0.92
chr4	70741564	70741712	chr4	49461881	49462029	148	148	0.91
chr4	62068027	62068306	chr4	47787611	47787888	279	277	0.93
chr4	62071469	62071618	chr4	47791385	47791536	149	151	0.93
chr4	62072321	62072429	chr4	47792276	47792385	108	109	0.94
chr4	57415654	57415776	chr4	46439713	46439835	122	122	0.92
chr4	150336753	150336976	chr4	32337806	32338029	223	223	0.93
chr4	132474873	132474950	chr4	26114175	26114253	77	78	0.91
chr4	150679325	150679668	chr4	32507615	32507959	343	344	0.98
chr4	146880660	146880954	chr4	31106669	31106961	294	292	0.94
chr4	146883881	146884007	chr4	31110777	31110901	126	124	0.94
chr4	84378983	84379429	chr4	46177947	46178395	446	448	0.96
chr4	19573574	19573630	chr4	74998621	74998677	56	56	0.91
chr4	83779007	83779193	chr4	45987502	45987685	186	183	0.93
chr4	83779328	83780057	chr4	45987807	45988546	729	739	0.93
chr4	79568300	79568495	chr4	44532063	44532259	195	196	0.92
chr4	177959840	177959912	chr4	41474026	41474096	72	70	0.90
chr4	156643717	156643778	chr4	20597294	20597355	61	61	0.90
chr4	178351833	178351908	chr4	41349166	41349240	75	74	0.91
chr4	146326461	146326553	chr4	30898223	30898316	92	93	0.90
chr4	79964416	79964655	chr4	44657307	44657546	239	239	0.90
chr4	161893206	161893256	chr4	22407086	22407137	50	51	0.90
chr4	150532094	150532610	chr4	32425770	32426292	516	522	0.90
chr4	150532614	150532666	chr4	32426301	32426353	52	52	0.90
chr4	145484271	145484446	chr4	30565086	30565260	175	174	0.93
chr4	79216998	79217163	chr4	44434648	44434813	165	165	0.93
chr4	83786377	83786510	chr4	45990042	45990174	133	132	0.90
chr4	174198820	174199258	chr4	43105362	43105802	438	440	0.90
chr4	174203604	174203751	chr4	43109970	43110117	147	147	0.90
chr4	61829009	61829167	chr4	47661844	47662002	158	158	0.91
chr4	152165660	152165785	chr4	33074258	33074383	125	125	0.91
chr4	79185713	79185798	chr4	44425478	44425564	85	86	0.91
chr4	79185808	79185870	chr4	44425575	44425636	62	61	0.90
chr4	79187282	79187335	chr4	44426621	44426675	53	54	0.91
chr4	174070005	174070350	chr4	43049334	43049678	345	344	0.93
chr4	150589251	150589785	chr4	32459330	32459864	534	534	0.93
chr4	176895428	176895490	chr4	43993850	43993913	62	63	0.92
chr4	95317055	95317275	chr4	58280266	58280487	220	221	0.92
chr4	4818069	4818433	chr4	78361147	78361511	364	364	0.92
chr4	4818462	4818571	chr4	78361540	78361649	109	109	0.92
chr4	8700599	8700661	chr4	80852049	80852110	62	61	0.90
chr4	96050307	96050583	chr4	58616823	58617099	276	276	0.93
chr4	83926148	83926318	chr4	46039297	46039463	170	166	0.90
chr4	83928228	83928467	chr4	46041422	46041666	239	244	0.90
chr4	146584837	146584896	chr4	31007314	31007374	59	60	0.92
chr4	146391684	146391752	chr4	30928390	30928458	68	68	0.93
chr4	146391960	146392119	chr4	30928665	30928824	159	159	0.92
chr4	61812437	61812532	chr4	47654091	47654186	95	95	0.91
chr4	79364212	79364378	chr4	44464753	44464919	166	166	0.93
chr4	95394864	95395014	chr4	58328135	58328285	150	150	0.93
chr4	133465799	133465854	chr4	26490492	26490547	55	55	0.91
chr4	147036564	147037478	chr4	31192299	31193226	914	927	0.91
chr4	147037608	147037829	chr4	31193334	31193554	221	220	0.91
chr4	4818091	4818402	chr4	78361169	78361480	311	311	0.93
chr4	84362820	84362899	chr4	46169049	46169128	79	79	0.91
chr4	84362972	84363394	chr4	46169201	46169620	422	419	0.91
chr4	84366209	84366728	chr4	46170805	46171322	519	517	0.91
chr4	97027914	97027993	chr4	58966279	58966358	79	79	0.91
chr4	97028174	97028361	chr4	58966538	58966725	187	187	0.91
chr4	148944564	148944708	chr4	31902464	31902607	144	143	0.92
chr4	150546272	150546368	chr4	32432535	32432630	96	95	0.93
chr4	150546364	150546616	chr4	32432633	32432882	252	249	0.93
chr4	150547359	150547458	chr4	32433715	32433814	99	99	0.93
chr4	150547471	150547770	chr4	32433827	32434126	299	299	0.93
chr4	173651595	173652230	chr4	42882402	42883037	635	635	0.90
chr4	83665000	83665196	chr4	45951761	45951958	196	197	0.94
chr4	84363120	84363396	chr4	46169347	46169622	276	275	0.95
chr4	84366227	84366672	chr4	46170820	46171266	445	446	0.95
chr4	135249060	135249129	chr4	27302492	27302561	69	69	0.91
chr4	130232229	130232279	chr4	25338068	25338119	50	51	0.90
chr4	146453265	146453710	chr4	30948944	30949385	445	441	0.92
chr4	147036564	147036878	chr4	31192299	31192613	314	314	0.97
chr4	147037075	147037378	chr4	31192818	31193123	303	305	0.97
chr4	145774902	145774991	chr4	30667671	30667759	89	88	0.91
chr4	174133615	174133925	chr4	43072399	43072706	310	307	0.93
chr4	79782456	79782508	chr4	44594179	44594231	52	52	0.90
chr4	79785135	79785278	chr4	44595237	44595382	143	145	0.90
chr4	79785411	79785466	chr4	44595516	44595570	55	54	0.91
chr4	83724317	83724714	chr4	45968454	45968852	397	398	0.95
chr4	189373741	189373873	chr4	62181451	62181584	132	133	0.90
chr4	132293701	132293752	chr4	26057176	26057227	51	51	0.90
chr4	152448197	152448375	chr4	33249987	33250164	178	177	0.91
chr4	152450237	152450410	chr4	33251938	33252110	173	172	0.91
chr4	148376283	148376365	chr4	31728426	31728506	82	80	0.91
chr4	79450220	79450275	chr4	44495817	44495873	55	56	0.91
chr4	129927315	129927375	chr4	25243312	25243372	60	60	0.90
chr4	173746370	173746457	chr4	42915470	42915557	87	87	0.92
chr4	173746514	173746637	chr4	42915615	42915738	123	123	0.92
chr4	173746646	173746732	chr4	42915747	42915833	86	86	0.92
chr4	173746779	173746869	chr4	42915880	42915970	90	90	0.92
chr4	84051619	84051695	chr4	46074925	46075001	76	76	0.91
chr4	84051744	84051815	chr4	46075051	46075122	71	71	0.90
chr4	64658850	64658906	chr4	50411702	50411757	56	55	0.93
chr4	84363114	84363407	chr4	46169341	46169635	293	294	0.93
chr4	84366234	84366720	chr4	46170827	46171314	486	487	0.93
chr4	83676832	83677066	chr4	45956340	45956577	234	237	0.95
chr4	93833409	93833489	chr4	36495554	36495634	80	80	0.93
chr4	93833514	93833616	chr4	36495659	36495762	102	103	0.92
chr4	93833628	93833681	chr4	36495766	36495819	53	53	0.92
chr4	93834632	93834685	chr4	36496144	36496197	53	53	0.92
chr4	150708113	150708422	chr4	32524761	32525070	309	309	0.96
chr4	144375585	144375756	chr4	30208993	30209164	171	171	0.91
chr4	144375790	144375981	chr4	30209181	30209373	191	192	0.91
chr4	61996076	61996244	chr4	47745266	47745434	168	168	0.92
chr4	146880678	146880934	chr4	31106687	31106943	256	256	0.98
chr4	173945350	173945401	chr4	43006724	43006774	51	50	0.90
chr4	83829833	83830242	chr4	46004034	46004445	409	411	0.93
chr4	83830650	83830924	chr4	46004845	46005117	274	272	0.93
chr4	83832256	83832616	chr4	46006594	46006960	360	366	0.93
chr4	146098016	146098117	chr4	30793556	30793657	101	101	0.90
chr4	150366932	150367004	chr4	32357632	32357703	72	71	0.92
chr4	146631621	146631837	chr4	31015136	31015355	216	219	0.91
chr4	146632719	146632816	chr4	31015613	31015710	97	97	0.91
chr4	146636379	146636766	chr4	31017316	31017705	387	389	0.91
chr4	64010270	64010353	chr4	48418051	48418134	83	83	0.92
chr4	64010358	64010450	chr4	48418139	48418232	92	93	0.91
chr4	66797536	66797651	chr4	50900930	50901046	115	116	0.90
chr4	66797656	66797830	chr4	50901052	50901227	174	175	0.90
chr4	157360143	157360250	chr4	20956440	20956546	107	106	0.93
chr4	157360597	157360839	chr4	20956880	20957121	242	241	0.93
chr4	157361344	157361792	chr4	20957634	20958074	448	440	0.93
chr4	97722204	97722330	chr4	59166168	59166295	126	127	0.90
chr4	4753203	4753337	chr4	78304738	78304873	134	135	0.91
chr4	148906535	148906691	chr4	31892147	31892302	156	155	0.90
chr4	138805137	138805223	chr4	28617427	28617513	86	86	0.91
chr4	148882457	148882508	chr4	31884494	31884545	51	51	0.90
chr4	152153139	152153306	chr4	33067525	33067692	167	167	0.91
chr4	129983949	129984117	chr4	25266388	25266556	168	168	0.92
chr4	95379241	95379329	chr4	58317378	58317465	88	87	0.91
chr4	138708312	138708396	chr4	28586285	28586370	84	85	0.90
chr4	151991878	151992109	chr4	33011249	33011478	231	229	0.92
chr4	98343274	98343366	chr4	59345070	59345162	92	92	0.90
chr4	174111627	174111876	chr4	43063941	43064190	249	249	0.93
chr4	171602995	171603116	chr4	42134142	42134263	121	121	0.90
chr4	150596156	150596264	chr4	32464824	32464932	108	108	0.96
chr4	150599131	150599232	chr4	32467997	32468099	101	102	0.96
chr4	150599263	150599949	chr4	32468109	32468797	686	688	0.96
chr4	150600872	150601122	chr4	32469772	32470023	250	251	0.96
chr4	61298384	61298435	chr4	47361783	47361835	51	52	0.90
chr4	6053702	6053754	chr4	78944726	78944777	52	51	0.90
chr4	146294149	146294709	chr4	30874183	30874743	560	560	0.95
chr4	157360143	157360257	chr4	20956440	20956553	114	113	0.91
chr4	157360590	157360865	chr4	20956873	20957146	275	273	0.90
chr4	157365513	157365593	chr4	20961996	20962077	80	81	0.90
chr4	150950082	150950213	chr4	32635888	32636019	131	131	0.90
chr4	168496955	168497029	chr4	24485295	24485369	74	74	0.91
chr4	150572944	150573412	chr4	32446103	32446570	468	467	0.91
chr4	150577944	150578052	chr4	32450140	32450248	108	108	0.91
chr4	150578919	150579050	chr4	32451198	32451325	131	127	0.91
chr4	150579402	150579513	chr4	32451644	32451756	111	112	0.91
chr4	166741899	166741996	chr4	23950499	23950597	97	98	0.91
chr4	80808843	80808913	chr4	44834567	44834637	70	70	0.90
chr4	79526774	79526923	chr4	44515639	44515787	149	148	0.94
chr4	144647885	144648496	chr4	30295621	30296229	611	608	0.93
chr4	144649706	144649978	chr4	30297364	30297637	272	273	0.93
chr4	95118717	95118780	chr4	58182039	58182102	63	63	0.90
chr4	146279689	146279926	chr4	30865738	30865977	237	239	0.92
chr4	8664973	8665160	chr4	80818359	80818547	187	188	0.90
chr4	150569458	150569689	chr4	32442798	32443030	231	232	0.92
chr4	150570332	150570552	chr4	32443457	32443675	220	218	0.92
chr4	150572679	150573395	chr4	32445838	32446553	716	715	0.92
chr4	150821930	150822026	chr4	32585323	32585419	96	96	0.91
chr4	144654277	144654441	chr4	30303261	30303425	164	164	0.92
chr4	150790026	150790247	chr4	32558868	32559088	221	220	0.92
chr4	146762291	146762355	chr4	31049594	31049658	64	64	0.91
chr4	168634783	168634843	chr4	24535001	24535060	60	59	0.92
chr4	146263587	146264112	chr4	30858646	30859170	525	524	0.95
chr4	144174830	144174906	chr4	30141394	30141470	76	76	0.92
chr4	144689235	144689359	chr4	30329182	30329307	124	125	0.90
chr4	150353326	150353403	chr4	32347830	32347908	77	78	0.91
chr4	95268617	95268751	chr4	58251881	58252016	134	135	0.91
chr4	79402184	79402276	chr4	44477702	44477794	92	92	0.90
chr4	79402511	79402563	chr4	44478002	44478053	52	51	0.90
chr4	4854865	4854934	chr4	78385060	78385129	69	69	0.93
chr4	4856926	4856981	chr4	78386965	78387021	55	56	0.93
chr4	150641781	150641874	chr4	32488078	32488171	93	93	0.90
chr4	79625454	79625675	chr4	44556341	44556563	221	222	0.95
chr4	133713547	133713784	chr4	26588650	26588887	237	237	0.90
chr4	178448522	178448649	chr4	41250876	41251003	127	127	0.91
chr4	178448801	178448883	chr4	41251155	41251237	82	82	0.90
chr4	84433603	84433854	chr4	46198583	46198835	251	252	0.96
chr4	84434370	84434739	chr4	46199343	46199712	369	369	0.96
chr4	166674020	166674121	chr4	23926084	23926186	101	102	0.90
chr4	166674184	166674246	chr4	23926249	23926311	62	62	0.90
chr4	94062085	94062434	chr4	36550868	36551218	349	350	0.91
chr4	8664973	8665103	chr4	80818359	80818490	130	131	0.92
