h_19.fa	30374000 - 32760000	g_11.fa	9132000 - 10409000
CHR19		30379770	30380020	CHR11		9137379	9137629	4
CHR19		30380083	30380333	CHR11		9137692	9137940	11
CHR19		30494702	30495178	CHR11		9189997	9190473	0
CHR19		30536865	30537113	CHR11		9209858	9210106	12
CHR19		30536865	30537110	CHR11		9214694	9214939	12
CHR19		30540133	30540384	CHR11		9217286	9217537	7
CHR19		30550929	30551178	CHR11		9220045	9220294	12
CHR19		30551430	30551678	CHR11		9220560	9220808	12
CHR19		30566425	30566744	CHR11		9233338	9233657	0
CHR19		30574847	30575098	CHR11		9237183	9237434	7
CHR19		30593390	30593590	CHR11		9252930	9253130	10
CHR19		30593390	30593590	CHR11		9255777	9255977	10
CHR19		30599128	30599349	CHR11		9258022	9258242	11
CHR19		30601953	30602202	CHR11		9259546	9259797	9
CHR19		30627357	30627572	CHR11		9272289	9272503	10
CHR19		30645262	30645513	CHR11		9283400	9283651	3
CHR19		30744973	30745223	CHR11		9339648	9339898	12
CHR19		30747821	30748072	CHR11		9343183	9343433	12
CHR19		30748117	30748365	CHR11		9343478	9343728	12
CHR19		30761311	30761562	CHR11		9355212	9355463	6
CHR19		30767265	30767497	CHR11		9358063	9358297	11
CHR19		30767947	30768198	CHR11		9358750	9359001	12
CHR19		30775808	30776058	CHR11		9366094	9366343	11
CHR19		30810299	30810549	CHR11		9394344	9394593	12
CHR19		30831892	30832142	CHR11		9412542	9412791	12
CHR19		30841501	30841852	CHR11		9418055	9418406	0
CHR19		30841955	30842206	CHR11		9418509	9418759	11
CHR19		30842252	30842503	CHR11		9418805	9419056	3
CHR19		30842519	30842770	CHR11		9419072	9419323	11
CHR19		30842772	30843022	CHR11		9419325	9419575	12
CHR19		30843035	30843286	CHR11		9419588	9419839	11
CHR19		30843798	30844012	CHR11		9420438	9420652	10
CHR19		30851664	30851915	CHR11		9425834	9426084	12
CHR19		30861827	30862077	CHR11		9434614	9434858	11
CHR19		30892983	30893233	CHR11		9454554	9454804	5
CHR19		30939468	30939719	CHR11		9473168	9473418	12
CHR19		30939775	30940023	CHR11		9473474	9473722	12
CHR19		30940992	30941228	CHR11		9474762	9475000	11
CHR19		30983437	30983686	CHR11		9492370	9492620	12
CHR19		31001033	31001246	CHR11		9499783	9499998	9
CHR19		31003112	31003450	CHR11		9502168	9502506	0
CHR19		31003550	31003825	CHR11		9502611	9502886	0
CHR19		31025441	31025691	CHR11		9518105	9518353	8
CHR19		31032481	31032732	CHR11		9522442	9522693	4
CHR19		31038194	31038445	CHR11		9528515	9528766	12
CHR19		31068603	31068853	CHR11		9547901	9548152	10
CHR19		31140828	31141077	CHR11		9589386	9589636	12
CHR19		31142976	31143227	CHR11		9591637	9591888	6
CHR19		31153180	31153430	CHR11		9599541	9599791	12
CHR19		31167448	31167679	CHR11		9612095	9612326	11
CHR19		31177740	31177969	CHR11		9621877	9622106	11
CHR19		31183168	31183396	CHR11		9626865	9627093	11
CHR19		31203574	31203799	CHR11		9640070	9640294	11
CHR19		31204260	31204510	CHR11		9640724	9640973	11
CHR19		31209189	31209439	CHR11		9642769	9643019	9
CHR19		31232562	31232810	CHR11		9654583	9654833	12
CHR19		31308669	31308919	CHR11		9686255	9686505	12
CHR19		31339530	31339780	CHR11		9699483	9699733	12
CHR19		31353651	31353902	CHR11		9708490	9708741	12
CHR19		31365651	31365902	CHR11		9714551	9714802	3
CHR19		31378418	31378664	CHR11		9719342	9719586	12
CHR19		31398429	31398677	CHR11		9724518	9724768	12
CHR19		31406495	31406745	CHR11		9730789	9731039	12
CHR19		31557254	31557504	CHR11		9781821	9782071	12
CHR19		31561969	31562219	CHR11		9783966	9784217	9
CHR19		31563528	31563778	CHR11		9785414	9785664	7
CHR19		31567368	31567611	CHR11		9789591	9789834	12
CHR19		31587499	31587750	CHR11		9795635	9795886	11
CHR19		31636922	31637172	CHR11		9829664	9829914	12
CHR19		31640738	31640971	CHR11		9832418	9832653	11
CHR19		31656653	31656903	CHR11		9840236	9840485	12
CHR19		31659083	31659333	CHR11		9842462	9842712	12
CHR19		31749900	31750151	CHR11		9882178	9882429	9
CHR19		31752869	31753119	CHR11		9889531	9889781	3
CHR19		31763510	31763732	CHR11		9899208	9899429	11
CHR19		31765761	31766011	CHR11		9901487	9901738	12
CHR19		31770868	31771120	CHR11		9906485	9906737	0
CHR19		31798721	31798972	CHR11		9923139	9923390	6
CHR19		31806577	31806828	CHR11		9928991	9929242	2
CHR19		31808904	31809155	CHR11		9931306	9931557	7
CHR19		31827930	31828181	CHR11		9951087	9951337	11
CHR19		31831043	31831293	CHR11		9953984	9954232	6
CHR19		31834790	31835040	CHR11		9957354	9957600	12
CHR19		31837126	31837376	CHR11		9959932	9960182	12
CHR19		31837820	31838045	CHR11		9960622	9960847	11
CHR19		31915090	31915340	CHR11		10013707	10013956	9
CHR19		31915638	31915888	CHR11		10014263	10014513	9
CHR19		31998892	31999143	CHR11		10030841	10031092	4
CHR19		32037099	32037349	CHR11		10053494	10053745	7
CHR19		32067903	32068153	CHR11		10068524	10068773	10
CHR19		32084498	32084749	CHR11		10080198	10080449	12
CHR19		32121764	32121968	CHR11		10104955	10105159	10
CHR19		32125151	32125401	CHR11		10107068	10107318	4
CHR19		32155859	32156109	CHR11		10115735	10115984	5
CHR19		32208964	32209214	CHR11		10143709	10143959	11
CHR19		32209986	32210236	CHR11		10144736	10144985	12
CHR19		32210283	32210534	CHR11		10145028	10145279	12
CHR19		32211288	32211502	CHR11		10146073	10146286	10
CHR19		32314321	32314538	CHR11		10188157	10188374	10
CHR19		32377317	32377523	CHR11		10210683	10210888	10
CHR19		32434628	32434878	CHR11		10230523	10230774	10
CHR19		32452900	32453144	CHR11		10246397	10246643	12
CHR19		32453483	32453733	CHR11		10246974	10247224	12
CHR19		32471534	32471785	CHR11		10260086	10260336	6
CHR19		32521635	32521885	CHR11		10282381	10282631	11
CHR19		32526682	32526933	CHR11		10288666	10288917	11
CHR19		32529418	32529669	CHR11		10291534	10291785	11
CHR19		32529787	32530037	CHR11		10291903	10292153	12
CHR19		32661902	32662153	CHR11		10363533	10363784	6
CHR19		32712417	32712668	CHR11		10389747	10389998	11
CHR19		32725654	32725903	CHR11		10397039	10397289	12
CHR19		32731913	32732164	CHR11		10401236	10401487	12
CHR19		32732824	32733061	CHR11		10402157	10402394	11
