h_19.fa	30374000 - 32760000	g_11.fa	9132000 - 10409000
CHR19		30379772	30380123	CHR11		9137381	9137730	6
CHR19		30494702	30495178	CHR11		9189997	9190473	0
CHR19		30540109	30540460	CHR11		9217262	9217613	17
CHR19		30566087	30566438	CHR11		9233000	9233351	12
CHR19		30566576	30566926	CHR11		9233489	9233837	16
CHR19		30574840	30575190	CHR11		9237176	9237525	11
CHR19		30601896	30602245	CHR11		9259489	9259839	17
CHR19		30645369	30645720	CHR11		9283507	9283858	12
CHR19		30748036	30748385	CHR11		9343397	9343747	17
CHR19		30761250	30761600	CHR11		9355151	9355501	16
CHR19		30767296	30767645	CHR11		9358094	9358445	17
CHR19		30767854	30768204	CHR11		9358657	9359006	14
CHR19		30775810	30776158	CHR11		9366096	9366447	17
CHR19		30810299	30810601	CHR11		9394344	9394645	15
CHR19		30831892	30832242	CHR11		9412542	9412891	17
CHR19		30841239	30841590	CHR11		9417793	9418144	13
CHR19		30841875	30842226	CHR11		9418429	9418779	14
CHR19		30842247	30842598	CHR11		9418800	9419151	7
CHR19		30842843	30843194	CHR11		9419396	9419747	13
CHR19		30851656	30852006	CHR11		9425825	9426175	15
CHR19		30861824	30862154	CHR11		9434614	9434935	15
CHR19		30892810	30893159	CHR11		9454380	9454730	4
CHR19		30939425	30939760	CHR11		9473125	9473459	16
CHR19		30983439	30983756	CHR11		9492374	9492691	15
CHR19		31003025	31003375	CHR11		9502081	9502431	17
CHR19		31003426	31003776	CHR11		9502492	9502837	17
CHR19		31025452	31025780	CHR11		9518114	9518438	16
CHR19		31032445	31032796	CHR11		9522406	9522756	7
CHR19		31038200	31038501	CHR11		9528521	9528822	15
CHR19		31068570	31068919	CHR11		9547868	9548218	15
CHR19		31142908	31143259	CHR11		9591569	9591920	16
CHR19		31183168	31183501	CHR11		9626865	9627198	16
CHR19		31204096	31204446	CHR11		9640561	9640908	17
CHR19		31209192	31209525	CHR11		9642772	9643105	14
CHR19		31232593	31232944	CHR11		9654616	9654967	11
CHR19		31308674	31309025	CHR11		9686260	9686611	16
CHR19		31339596	31339930	CHR11		9699549	9699879	16
CHR19		31365642	31365992	CHR11		9714542	9714893	9
CHR19		31378430	31378747	CHR11		9719352	9719669	15
CHR19		31398327	31398677	CHR11		9724418	9724768	16
CHR19		31557254	31557604	CHR11		9781821	9782171	17
CHR19		31561916	31562265	CHR11		9783912	9784263	15
CHR19		31563350	31563701	CHR11		9785236	9785587	15
CHR19		31587514	31587865	CHR11		9795650	9796001	11
CHR19		31636664	31637014	CHR11		9829407	9829756	17
CHR19		31656671	31657022	CHR11		9840253	9840604	15
CHR19		31659068	31659375	CHR11		9842446	9842754	15
CHR19		31749924	31750275	CHR11		9882202	9882553	7
CHR19		31752839	31753190	CHR11		9889501	9889852	17
CHR19		31765776	31766126	CHR11		9901503	9901853	17
CHR19		31770810	31771159	CHR11		9906432	9906776	16
CHR19		31798681	31799032	CHR11		9923099	9923450	8
CHR19		31806479	31806829	CHR11		9928895	9929243	12
CHR19		31808938	31809289	CHR11		9931340	9931691	7
CHR19		31827924	31828274	CHR11		9951081	9951429	17
CHR19		31831002	31831352	CHR11		9953943	9954290	17
CHR19		31837138	31837488	CHR11		9959944	9960292	8
CHR19		31915601	31915952	CHR11		10014226	10014577	16
CHR19		31998902	31999253	CHR11		10030851	10031202	15
CHR19		32067901	32068250	CHR11		10068522	10068869	17
CHR19		32084499	32084849	CHR11		10080199	10080548	17
CHR19		32124865	32125215	CHR11		10106782	10107132	17
CHR19		32155859	32156184	CHR11		10115735	10116059	16
CHR19		32209123	32209473	CHR11		10143868	10144218	17
CHR19		32434623	32434973	CHR11		10230518	10230869	17
CHR19		32471537	32471888	CHR11		10260089	10260440	11
CHR19		32526673	32527024	CHR11		10288657	10289008	13
CHR19		32529507	32529858	CHR11		10291623	10291974	12
CHR19		32661882	32662233	CHR11		10363513	10363864	12
CHR19		32712324	32712674	CHR11		10389654	10390004	17
CHR19		32725668	32725975	CHR11		10397053	10397360	15
CHR19		32731927	32732232	CHR11		10401250	10401555	15
