h_19.fa	30374000 - 32760000	g_11.fa	9132000 - 10409000
CHR19		30379746	30380046	CHR11		9137355	9137655	9
CHR19		30494702	30495178	CHR11		9189997	9190473	0
CHR19		30536865	30537131	CHR11		9209858	9210124	13
CHR19		30540084	30540385	CHR11		9217237	9217538	13
CHR19		30551013	30551305	CHR11		9220129	9220421	14
CHR19		30551374	30551661	CHR11		9220507	9220791	14
CHR19		30566425	30566744	CHR11		9233338	9233657	0
CHR19		30574851	30575152	CHR11		9237187	9237488	8
CHR19		30601904	30602202	CHR11		9259497	9259797	12
CHR19		30645268	30645569	CHR11		9283406	9283707	4
CHR19		30744972	30745223	CHR11		9339647	9339898	12
CHR19		30747964	30748265	CHR11		9343325	9343626	5
CHR19		30761253	30761554	CHR11		9355154	9355455	12
CHR19		30767302	30767597	CHR11		9358099	9358397	14
CHR19		30767880	30768180	CHR11		9358683	9358983	8
CHR19		30775858	30776158	CHR11		9366143	9366444	12
CHR19		30810299	30810598	CHR11		9394344	9394642	14
CHR19		30831976	30832276	CHR11		9412626	9412925	13
CHR19		30841501	30841852	CHR11		9418055	9418406	0
CHR19		30842095	30842396	CHR11		9418648	9418949	12
CHR19		30842476	30842777	CHR11		9419029	9419329	14
CHR19		30842923	30843223	CHR11		9419476	9419776	12
CHR19		30851680	30851981	CHR11		9425849	9426150	12
CHR19		30861854	30862154	CHR11		9434635	9434935	3
CHR19		30892756	30893056	CHR11		9454327	9454627	8
CHR19		30939426	30939726	CHR11		9473126	9473425	13
CHR19		30983437	30983686	CHR11		9492370	9492620	12
CHR19		31003112	31003450	CHR11		9502168	9502506	0
CHR19		31003537	31003837	CHR11		9502598	9502897	3
CHR19		31025429	31025729	CHR11		9518092	9518390	14
CHR19		31032495	31032795	CHR11		9522456	9522756	5
CHR19		31038200	31038500	CHR11		9528521	9528821	15
CHR19		31068555	31068854	CHR11		9547853	9548153	11
CHR19		31140821	31141077	CHR11		9589379	9589636	12
CHR19		31142898	31143198	CHR11		9591560	9591859	14
CHR19		31153180	31153434	CHR11		9599541	9599795	12
CHR19		31183168	31183468	CHR11		9626865	9627165	13
CHR19		31204152	31204452	CHR11		9640617	9640914	13
CHR19		31209182	31209483	CHR11		9642762	9643062	13
CHR19		31232589	31232889	CHR11		9654612	9654912	4
CHR19		31308709	31309007	CHR11		9686295	9686593	14
CHR19		31339535	31339804	CHR11		9699488	9699756	13
CHR19		31353644	31353926	CHR11		9708483	9708765	14
CHR19		31365640	31365940	CHR11		9714540	9714840	5
CHR19		31378431	31378732	CHR11		9719353	9719654	14
CHR19		31398379	31398680	CHR11		9724470	9724771	14
CHR19		31406495	31406745	CHR11		9730789	9731039	12
CHR19		31557254	31557554	CHR11		9781821	9782121	15
CHR19		31561968	31562268	CHR11		9783965	9784266	12
CHR19		31563343	31563644	CHR11		9785230	9785530	15
CHR19		31587538	31587839	CHR11		9795674	9795975	7
CHR19		31636664	31636964	CHR11		9829407	9829706	15
CHR19		31656699	31657000	CHR11		9840281	9840582	12
CHR19		31659083	31659375	CHR11		9842462	9842754	14
CHR19		31749976	31750277	CHR11		9882254	9882555	5
CHR19		31752850	31753151	CHR11		9889512	9889813	5
CHR19		31765766	31766067	CHR11		9901493	9901794	11
CHR19		31770844	31771145	CHR11		9906467	9906762	12
CHR19		31798674	31798975	CHR11		9923092	9923393	7
CHR19		31806518	31806819	CHR11		9928932	9929233	3
CHR19		31808879	31809180	CHR11		9931281	9931582	8
CHR19		31827924	31828192	CHR11		9951081	9951348	13
CHR19		31830996	31831296	CHR11		9953937	9954235	14
CHR19		31834782	31835044	CHR11		9957346	9957604	12
CHR19		31837123	31837423	CHR11		9959930	9960229	14
CHR19		31915090	31915360	CHR11		10013707	10013978	13
CHR19		31915604	31915904	CHR11		10014229	10014529	13
CHR19		31998922	31999223	CHR11		10030871	10031172	12
CHR19		32037103	32037386	CHR11		10053498	10053779	14
CHR19		32067924	32068225	CHR11		10068544	10068844	9
CHR19		32084544	32084844	CHR11		10080244	10080543	14
CHR19		32124876	32125177	CHR11		10106794	10107094	15
CHR19		32125196	32125494	CHR11		10107113	10107413	14
CHR19		32155859	32156130	CHR11		10115735	10116005	12
CHR19		32209162	32209462	CHR11		10143907	10144207	13
CHR19		32209986	32210238	CHR11		10144736	10144987	12
CHR19		32210301	32210570	CHR11		10145046	10145314	13
CHR19		32434647	32434946	CHR11		10230542	10230842	14
CHR19		32453483	32453746	CHR11		10246974	10247237	13
CHR19		32471510	32471809	CHR11		10260061	10260361	12
CHR19		32521632	32521917	CHR11		10282378	10282663	14
CHR19		32526764	32527065	CHR11		10288748	10289049	9
CHR19		32529370	32529670	CHR11		10291486	10291786	15
CHR19		32529672	32529973	CHR11		10291788	10292089	9
CHR19		32661907	32662208	CHR11		10363538	10363839	11
CHR19		32725649	32725949	CHR11		10397034	10397334	14
CHR19		32731932	32732232	CHR11		10401255	10401555	14
