h_2.fa	143910000 - 147710000	g_7.fa	34342000 - 35935000
CHR2		143914669	143915004	CHR7		34347459	34347794	0
CHR2		143916985	143917285	CHR7		34349793	34350093	7
CHR2		143918594	143918895	CHR7		34351692	34351993	5
CHR2		144046258	144046524	CHR7		34412305	34412570	13
CHR2		144046790	144047089	CHR7		34412853	34413153	13
CHR2		144067728	144068028	CHR7		34418540	34418841	15
CHR2		144070048	144070344	CHR7		34421621	34421921	14
CHR2		144091085	144091385	CHR7		34433199	34433498	13
CHR2		144104781	144105082	CHR7		34440390	34440691	7
CHR2		144105104	144105404	CHR7		34440713	34441014	15
CHR2		144112237	144112617	CHR7		34447471	34447851	0
CHR2		144113334	144113634	CHR7		34448639	34448940	7
CHR2		144115596	144115897	CHR7		34450970	34451271	10
CHR2		144147736	144148036	CHR7		34467856	34468157	15
CHR2		144156355	144156653	CHR7		34472290	34472588	12
CHR2		144159413	144159712	CHR7		34475498	34475798	9
CHR2		144187369	144187670	CHR7		34485344	34485645	12
CHR2		144256723	144257007	CHR7		34521045	34521331	14
CHR2		144281736	144282037	CHR7		34528492	34528792	15
CHR2		144331027	144331328	CHR7		34551132	34551433	9
CHR2		144351685	144351985	CHR7		34571215	34571513	13
CHR2		144379626	144379985	CHR7		34586673	34587032	0
CHR2		144381267	144381564	CHR7		34588358	34588659	14
CHR2		144437284	144437584	CHR7		34613248	34613548	7
CHR2		144439566	144439866	CHR7		34614806	34615105	14
CHR2		144441003	144441536	CHR7		34616185	34616718	0
CHR2		144442404	144442704	CHR7		34617571	34617872	15
CHR2		144442936	144443236	CHR7		34618091	34618391	5
CHR2		144448731	144449032	CHR7		34620101	34620402	8
CHR2		144451846	144452142	CHR7		34623434	34623734	14
CHR2		144533990	144534290	CHR7		34661356	34661656	14
CHR2		144550146	144550447	CHR7		34664799	34665099	13
CHR2		144573899	144574199	CHR7		34680568	34680868	15
CHR2		144602329	144602626	CHR7		34704170	34704465	14
CHR2		144664538	144664808	CHR7		34727571	34727842	13
CHR2		144692619	144692875	CHR7		34733627	34733883	12
CHR2		144704128	144704429	CHR7		34738111	34738412	7
CHR2		144709602	144709902	CHR7		34745769	34746069	4
CHR2		144712423	144712724	CHR7		34748619	34748920	6
CHR2		144712764	144713063	CHR7		34748962	34749262	6
CHR2		144714961	144715407	CHR7		34751235	34751681	0
CHR2		144754969	144755269	CHR7		34764813	34765114	15
CHR2		144762612	144762913	CHR7		34770049	34770350	6
CHR2		144825892	144826345	CHR7		34796060	34796513	0
CHR2		144835675	144835974	CHR7		34802495	34802795	14
CHR2		144837109	144837408	CHR7		34803714	34804015	14
CHR2		144854122	144854423	CHR7		34807183	34807484	9
CHR2		144871565	144871818	CHR7		34812415	34812667	12
CHR2		144906839	144907136	CHR7		34823959	34824259	14
CHR2		145145552	145145852	CHR7		34929339	34929638	4
CHR2		145146212	145146508	CHR7		34930006	34930306	12
CHR2		145146906	145147161	CHR7		34930703	34930958	12
CHR2		145154658	145154954	CHR7		34940383	34940684	14
CHR2		145159918	145160219	CHR7		34946293	34946594	8
CHR2		145161106	145161406	CHR7		34947521	34947821	14
CHR2		145184675	145184976	CHR7		34958073	34958374	7
CHR2		145184990	145185259	CHR7		34958388	34958657	13
CHR2		145185761	145186062	CHR7		34959165	34959466	4
CHR2		145188358	145188645	CHR7		34961525	34961813	14
CHR2		145188840	145189140	CHR7		34962014	34962310	11
CHR2		145196936	145197236	CHR7		34973181	34973481	3
CHR2		145200841	145201141	CHR7		34976089	34976389	4
CHR2		145202026	145202327	CHR7		34977265	34977566	9
CHR2		145210056	145210356	CHR7		34984076	34984376	2
CHR2		145212556	145212856	CHR7		34986273	34986571	9
CHR2		145223465	145223765	CHR7		34996788	34997089	9
CHR2		145224194	145224457	CHR7		34997473	34997736	13
CHR2		145227936	145228237	CHR7		35000439	35000739	10
CHR2		145228771	145229071	CHR7		35001360	35001660	15
CHR2		145235589	145235889	CHR7		35007406	35007706	14
CHR2		145237292	145237592	CHR7		35008834	35009133	13
CHR2		145246996	145247297	CHR7		35014916	35015217	10
CHR2		145252155	145252456	CHR7		35018287	35018587	8
CHR2		145257629	145258048	CHR7		35021888	35022307	0
CHR2		145260793	145261051	CHR7		35024628	35024886	12
CHR2		145262244	145262544	CHR7		35026456	35026756	5
CHR2		145325273	145325574	CHR7		35061661	35061961	9
CHR2		145338267	145338564	CHR7		35069171	35069471	14
CHR2		145338579	145338880	CHR7		35069480	35069780	15
CHR2		145365642	145365941	CHR7		35082272	35082572	12
CHR2		145408573	145408873	CHR7		35100007	35100307	14
CHR2		145437531	145437832	CHR7		35121736	35122037	9
CHR2		145528320	145528621	CHR7		35157596	35157897	11
CHR2		145631855	145632156	CHR7		35197571	35197872	2
CHR2		145652858	145653138	CHR7		35206654	35206935	14
CHR2		145696070	145696371	CHR7		35226036	35226337	13
CHR2		145769749	145770005	CHR7		35263606	35263859	12
CHR2		145785870	145786151	CHR7		35273453	35273735	14
CHR2		145823209	145823458	CHR7		35289752	35290002	12
CHR2		145889385	145889686	CHR7		35317813	35318114	6
CHR2		145889703	145890004	CHR7		35318131	35318430	14
CHR2		145893589	145893889	CHR7		35323171	35323472	10
CHR2		145952460	145952710	CHR7		35344709	35344958	12
CHR2		145958575	145958828	CHR7		35352609	35352862	12
CHR2		146003117	146003418	CHR7		35368972	35369273	5
CHR2		146057919	146058219	CHR7		35393077	35393377	12
CHR2		146110096	146110397	CHR7		35425127	35425428	12
CHR2		146321363	146321663	CHR7		35501707	35502007	13
CHR2		146412436	146412736	CHR7		35536397	35536697	10
CHR2		146412765	146413064	CHR7		35536726	35537026	14
CHR2		146413198	146413499	CHR7		35537167	35537468	11
CHR2		146426321	146426621	CHR7		35542224	35542524	14
CHR2		146603152	146603453	CHR7		35607266	35607567	14
CHR2		146689486	146689787	CHR7		35637021	35637322	7
CHR2		146692450	146692750	CHR7		35641079	35641380	7
CHR2		146698098	146698395	CHR7		35644651	35644951	14
CHR2		146782977	146783248	CHR7		35670987	35671259	13
CHR2		146797875	146798175	CHR7		35677310	35677610	14
CHR2		146798882	146799183	CHR7		35678336	35678637	10
CHR2		146960874	146961175	CHR7		35729609	35729910	14
CHR2		146987407	146987701	CHR7		35740990	35741284	14
CHR2		147073191	147073491	CHR7		35782540	35782839	7
CHR2		147134010	147134310	CHR7		35803424	35803723	11
CHR2		147260818	147261119	CHR7		35832558	35832859	8
CHR2		147290160	147290435	CHR7		35847048	35847323	13
CHR2		147334235	147334536	CHR7		35860421	35860722	12
CHR2		147349415	147349716	CHR7		35864821	35865122	10
CHR2		147382332	147382632	CHR7		35875914	35876214	11
CHR2		147444379	147444679	CHR7		35887888	35888186	14
CHR2		147708530	147708823	CHR7		35932829	35933121	14
