h_2.fa	143910000 - 147710000	g_7.fa	34342000 - 35935000
CHR2		143914669	143915004	CHR7		34347459	34347794	0
CHR2		143917056	143917306	CHR7		34349864	34350114	4
CHR2		143918613	143918864	CHR7		34351711	34351962	3
CHR2		143918865	143919114	CHR7		34351963	34352213	12
CHR2		143919737	143919939	CHR7		34352803	34353005	10
CHR2		144046258	144046508	CHR7		34412305	34412553	11
CHR2		144046535	144046745	CHR7		34412576	34412785	10
CHR2		144046837	144047087	CHR7		34412900	34413151	9
CHR2		144067755	144068006	CHR7		34418568	34418819	12
CHR2		144070118	144070369	CHR7		34421699	34421946	11
CHR2		144091140	144091390	CHR7		34433254	34433505	12
CHR2		144104354	144104589	CHR7		34439964	34440199	11
CHR2		144104838	144105089	CHR7		34440447	34440698	6
CHR2		144105150	144105400	CHR7		34440759	34441009	12
CHR2		144112237	144112617	CHR7		34447471	34447851	0
CHR2		144113383	144113632	CHR7		34448688	34448939	6
CHR2		144113712	144113960	CHR7		34448998	34449246	11
CHR2		144114623	144114840	CHR7		34449943	34450160	10
CHR2		144115621	144115872	CHR7		34450995	34451246	10
CHR2		144147581	144147832	CHR7		34467701	34467952	9
CHR2		144156376	144156627	CHR7		34472311	34472562	10
CHR2		144159406	144159656	CHR7		34475491	34475742	6
CHR2		144187308	144187559	CHR7		34485283	34485534	9
CHR2		144256711	144256961	CHR7		34521033	34521283	11
CHR2		144281749	144282000	CHR7		34528505	34528755	12
CHR2		144303600	144303809	CHR7		34538984	34539193	10
CHR2		144331001	144331251	CHR7		34551106	34551356	4
CHR2		144351724	144351975	CHR7		34571252	34571503	6
CHR2		144379626	144379985	CHR7		34586673	34587032	0
CHR2		144381199	144381449	CHR7		34588291	34588540	6
CHR2		144381544	144381789	CHR7		34588641	34588891	12
CHR2		144437313	144437564	CHR7		34613277	34613528	4
CHR2		144439604	144439855	CHR7		34614843	34615094	9
CHR2		144441003	144441536	CHR7		34616185	34616718	0
CHR2		144442245	144442495	CHR7		34617411	34617662	6
CHR2		144443188	144443450	CHR7		34618343	34618605	0
CHR2		144448785	144449036	CHR7		34620155	34620406	2
CHR2		144451848	144452096	CHR7		34623438	34623688	9
CHR2		144533207	144533416	CHR7		34660557	34660765	10
CHR2		144534027	144534278	CHR7		34661393	34661644	10
CHR2		144550168	144550418	CHR7		34664820	34665070	6
CHR2		144573955	144574206	CHR7		34680624	34680875	7
CHR2		144601279	144601526	CHR7		34703193	34703440	12
CHR2		144602352	144602602	CHR7		34704193	34704442	4
CHR2		144664563	144664814	CHR7		34727597	34727847	11
CHR2		144692623	144692873	CHR7		34733632	34733881	11
CHR2		144704121	144704372	CHR7		34738104	34738355	6
CHR2		144704391	144704641	CHR7		34738374	34738623	9
CHR2		144709607	144709897	CHR7		34745774	34746064	0
CHR2		144712469	144712720	CHR7		34748665	34748916	4
CHR2		144712766	144713014	CHR7		34748965	34749213	0
CHR2		144714961	144715407	CHR7		34751235	34751681	0
CHR2		144754964	144755214	CHR7		34764808	34765058	12
CHR2		144755406	144755608	CHR7		34765260	34765462	10
CHR2		144762344	144762594	CHR7		34769775	34770025	0
CHR2		144762714	144762964	CHR7		34770151	34770401	6
CHR2		144825892	144826345	CHR7		34796060	34796513	0
CHR2		144835742	144835993	CHR7		34802563	34802814	6
CHR2		144837135	144837383	CHR7		34803740	34803990	10
CHR2		144854125	144854376	CHR7		34807186	34807437	5
CHR2		144871573	144871821	CHR7		34812423	34812671	11
CHR2		144906904	144907152	CHR7		34824025	34824275	12
CHR2		145145572	145145832	CHR7		34929359	34929619	0
CHR2		145146106	145146355	CHR7		34929900	34930151	7
CHR2		145146911	145147161	CHR7		34930708	34930958	12
CHR2		145154749	145154998	CHR7		34940478	34940728	11
CHR2		145155862	145156098	CHR7		34942460	34942696	11
CHR2		145159873	145160124	CHR7		34946248	34946499	11
CHR2		145161221	145161471	CHR7		34947636	34947886	3
CHR2		145184715	145184966	CHR7		34958113	34958364	4
CHR2		145185065	145185272	CHR7		34958463	34958672	9
CHR2		145185637	145185888	CHR7		34959042	34959292	10
CHR2		145188331	145188580	CHR7		34961499	34961748	12
CHR2		145189017	145189267	CHR7		34962187	34962438	7
CHR2		145189694	145189904	CHR7		34962907	34963117	10
CHR2		145196949	145197223	CHR7		34973194	34973468	0
CHR2		145200857	145201122	CHR7		34976105	34976370	0
CHR2		145202048	145202299	CHR7		34977287	34977538	7
CHR2		145210066	145210346	CHR7		34984086	34984366	0
CHR2		145210369	145210596	CHR7		34984393	34984617	11
CHR2		145212590	145212840	CHR7		34986305	34986555	3
CHR2		145216193	145216436	CHR7		34989122	34989365	12
CHR2		145223437	145223688	CHR7		34996760	34997011	10
CHR2		145224194	145224442	CHR7		34997473	34997721	12
CHR2		145224462	145224668	CHR7		34997741	34997947	10
CHR2		145227978	145228229	CHR7		35000480	35000731	4
CHR2		145228756	145229007	CHR7		35001346	35001596	12
CHR2		145235753	145236002	CHR7		35007570	35007821	7
CHR2		145237291	145237542	CHR7		35008833	35009083	11
CHR2		145247020	145247271	CHR7		35014940	35015191	6
CHR2		145252124	145252375	CHR7		35018257	35018506	12
CHR2		145257629	145258048	CHR7		35021888	35022307	0
CHR2		145260793	145261043	CHR7		35024628	35024878	11
CHR2		145262019	145262269	CHR7		35026230	35026481	9
CHR2		145262325	145262575	CHR7		35026537	35026786	9
CHR2		145268320	145268562	CHR7		35030759	35031002	12
CHR2		145269571	145269817	CHR7		35032111	35032356	12
CHR2		145278681	145278924	CHR7		35040218	35040461	12
CHR2		145325268	145325518	CHR7		35061657	35061906	8
CHR2		145337966	145338216	CHR7		35068860	35069109	11
CHR2		145338308	145338557	CHR7		35069212	35069462	10
CHR2		145338586	145338837	CHR7		35069486	35069737	12
CHR2		145340425	145340636	CHR7		35071297	35071508	10
CHR2		145365666	145365917	CHR7		35082297	35082548	10
CHR2		145408564	145408815	CHR7		35099998	35100249	8
CHR2		145437586	145437837	CHR7		35121791	35122042	7
CHR2		145528366	145528617	CHR7		35157642	35157893	7
CHR2		145528628	145528879	CHR7		35157904	35158155	12
CHR2		145592585	145592814	CHR7		35183325	35183554	11
CHR2		145631861	145632150	CHR7		35197577	35197866	0
CHR2		145652885	145653134	CHR7		35206681	35206931	12
CHR2		145696096	145696347	CHR7		35226062	35226313	8
CHR2		145769755	145770005	CHR7		35263612	35263859	11
CHR2		145785873	145786124	CHR7		35273457	35273708	10
CHR2		145823209	145823458	CHR7		35289752	35290002	12
CHR2		145889463	145889714	CHR7		35317891	35318142	2
CHR2		145889740	145889990	CHR7		35318168	35318416	11
CHR2		145893703	145893954	CHR7		35323286	35323537	4
CHR2		145915574	145915797	CHR7		35330878	35331102	11
CHR2		145952460	145952710	CHR7		35344709	35344958	12
CHR2		145958576	145958826	CHR7		35352610	35352860	11
CHR2		145978167	145978410	CHR7		35360849	35361092	12
CHR2		146003044	146003295	CHR7		35368899	35369150	6
CHR2		146045357	146045591	CHR7		35388364	35388598	11
CHR2		146057944	146058193	CHR7		35393102	35393352	3
CHR2		146081192	146081438	CHR7		35402661	35402908	12
CHR2		146110083	146110334	CHR7		35425114	35425365	12
CHR2		146285083	146285312	CHR7		35490404	35490633	11
CHR2		146321347	146321597	CHR7		35501694	35501941	12
CHR2		146412588	146412878	CHR7		35536549	35536839	0
CHR2		146413130	146413380	CHR7		35537099	35537349	5
CHR2		146426327	146426577	CHR7		35542230	35542480	12
CHR2		146518497	146518720	CHR7		35579585	35579808	11
CHR2		146574183	146574388	CHR7		35597438	35597644	10
CHR2		146603176	146603427	CHR7		35607290	35607541	10
CHR2		146667620	146667844	CHR7		35626065	35626290	11
CHR2		146689194	146689444	CHR7		35636733	35636984	10
CHR2		146689447	146689698	CHR7		35636982	35637233	7
CHR2		146692438	146692688	CHR7		35641067	35641318	6
CHR2		146697909	146698159	CHR7		35644462	35644712	9
CHR2		146782974	146783224	CHR7		35670984	35671233	12
CHR2		146797918	146798168	CHR7		35677352	35677602	10
CHR2		146798868	146799118	CHR7		35678322	35678572	12
CHR2		146960843	146961094	CHR7		35729578	35729829	9
CHR2		146987431	146987682	CHR7		35741014	35741265	10
CHR2		147073187	147073438	CHR7		35782536	35782786	8
CHR2		147134004	147134254	CHR7		35803417	35803667	12
CHR2		147134333	147134557	CHR7		35803745	35803969	11
CHR2		147172657	147172888	CHR7		35814294	35814525	11
CHR2		147172921	147173151	CHR7		35814558	35814788	11
CHR2		147260792	147261042	CHR7		35832531	35832782	5
CHR2		147261062	147261287	CHR7		35832802	35833027	10
CHR2		147290171	147290421	CHR7		35847059	35847309	8
CHR2		147334002	147334253	CHR7		35860188	35860439	2
CHR2		147334260	147334511	CHR7		35860446	35860697	11
CHR2		147349410	147349660	CHR7		35864816	35865066	10
CHR2		147382317	147382568	CHR7		35875899	35876150	12
CHR2		147444391	147444642	CHR7		35887898	35888149	5
CHR2		147708553	147708804	CHR7		35932852	35933102	7
