h_2.fa	143910000 - 147710000	g_7.fa	34342000 - 35935000
CHR2		143914581	143915032	CHR7		34347371	34347822	9
CHR2		143918700	143919150	CHR7		34351798	34352249	22
CHR2		144091076	144091526	CHR7		34433190	34433640	22
CHR2		144104831	144105282	CHR7		34440440	34440891	7
CHR2		144112172	144112622	CHR7		34447405	34447856	3
CHR2		144115529	144115980	CHR7		34450904	34451354	15
CHR2		144147595	144148045	CHR7		34467715	34468165	20
CHR2		144159391	144159840	CHR7		34475476	34475926	21
CHR2		144187311	144187760	CHR7		34485286	34485734	21
CHR2		144281654	144282104	CHR7		34528410	34528859	21
CHR2		144351699	144352133	CHR7		34571227	34571662	21
CHR2		144379626	144380072	CHR7		34586673	34587123	5
CHR2		144381211	144381650	CHR7		34588302	34588752	21
CHR2		144441003	144441536	CHR7		34616185	34616718	0
CHR2		144442238	144442688	CHR7		34617404	34617855	13
CHR2		144443012	144443463	CHR7		34618167	34618618	4
CHR2		144448739	144449188	CHR7		34620109	34620559	22
CHR2		144534015	144534466	CHR7		34661380	34661830	18
CHR2		144550182	144550632	CHR7		34664835	34665284	13
CHR2		144573940	144574364	CHR7		34680609	34681032	21
CHR2		144703899	144704349	CHR7		34737882	34738332	22
CHR2		144709490	144709937	CHR7		34745658	34746102	17
CHR2		144712708	144713148	CHR7		34748904	34749355	21
CHR2		144714736	144715186	CHR7		34751010	34751460	22
CHR2		144762708	144763159	CHR7		34770145	34770596	9
CHR2		144825892	144826345	CHR7		34796060	34796513	0
CHR2		144854023	144854474	CHR7		34807084	34807535	21
CHR2		145145670	145146119	CHR7		34929457	34929907	22
CHR2		145154557	145154963	CHR7		34940283	34940693	20
CHR2		145161220	145161671	CHR7		34947635	34948086	13
CHR2		145184638	145185088	CHR7		34958036	34958486	22
CHR2		145185645	145186095	CHR7		34959050	34959499	14
CHR2		145188819	145189270	CHR7		34961993	34962441	19
CHR2		145196923	145197373	CHR7		34973169	34973619	5
CHR2		145200854	145201304	CHR7		34976102	34976552	12
CHR2		145201889	145202336	CHR7		34977125	34977575	20
CHR2		145209980	145210426	CHR7		34983999	34984450	19
CHR2		145223337	145223785	CHR7		34996658	34997108	21
CHR2		145224194	145224616	CHR7		34997473	34997895	21
CHR2		145227935	145228336	CHR7		35000437	35000839	20
CHR2		145235600	145236015	CHR7		35007417	35007834	20
CHR2		145246984	145247413	CHR7		35014905	35015329	21
CHR2		145257614	145258064	CHR7		35021873	35022323	3
CHR2		145262140	145262587	CHR7		35026351	35026801	21
CHR2		145325281	145325730	CHR7		35061670	35062117	22
CHR2		145338678	145339078	CHR7		35069578	35069981	19
CHR2		145528355	145528806	CHR7		35157631	35158082	14
CHR2		145631805	145632249	CHR7		35197523	35197973	21
CHR2		145695941	145696373	CHR7		35225905	35226340	21
CHR2		145889368	145889818	CHR7		35317797	35318244	10
CHR2		145893562	145893984	CHR7		35323144	35323567	21
CHR2		146003089	146003535	CHR7		35368944	35369395	21
CHR2		146057795	146058239	CHR7		35392951	35393401	18
CHR2		146412576	146413026	CHR7		35536536	35536987	5
CHR2		146413120	146413535	CHR7		35537088	35537506	20
CHR2		146426335	146426783	CHR7		35542238	35542687	22
CHR2		146689181	146689631	CHR7		35636720	35637166	22
CHR2		146692536	146692986	CHR7		35641165	35641615	22
CHR2		146697909	146698358	CHR7		35644462	35644907	16
CHR2		146798769	146799219	CHR7		35678223	35678673	22
CHR2		146960813	146961242	CHR7		35729545	35729977	21
CHR2		147134123	147134569	CHR7		35803536	35803987	22
CHR2		147260714	147261164	CHR7		35832453	35832904	13
CHR2		147334130	147334580	CHR7		35860316	35860766	22
CHR2		147349428	147349878	CHR7		35864834	35865283	16
CHR2		147382233	147382683	CHR7		35875815	35876265	20
