h_8.fa	76570000 - 79010000	g_2.fa	123570000 - 124820000
CHR8		76571555	76571955	CHR2		123574324	123574724	14
CHR8		76589933	76590294	CHR2		123580323	123580683	18
CHR8		76749919	76750319	CHR2		123667288	123667688	19
CHR8		76883738	76884138	CHR2		123749806	123750207	20
CHR8		76888701	76889102	CHR2		123755289	123755690	19
CHR8		76960211	76960608	CHR2		123794174	123794574	19
CHR8		77032016	77032417	CHR2		123814525	123814925	20
CHR8		77141100	77141500	CHR2		123879046	123879445	19
CHR8		77142470	77142827	CHR2		123880397	123880752	17
CHR8		77264722	77265100	CHR2		123927658	123928039	18
CHR8		77440633	77441034	CHR2		124016604	124017004	17
CHR8		77441503	77441903	CHR2		124017483	124017880	19
CHR8		77447520	77447891	CHR2		124027858	124028230	18
CHR8		77491353	77491750	CHR2		124041611	124042011	17
CHR8		77577462	77577862	CHR2		124084052	124084452	19
CHR8		77582172	77582538	CHR2		124089300	124089660	18
CHR8		77597085	77597485	CHR2		124105915	124106316	6
CHR8		77598271	77598621	CHR2		124107079	124107428	17
CHR8		77599355	77599756	CHR2		124108200	124108601	6
CHR8		77611052	77611452	CHR2		124120101	124120501	16
CHR8		77612010	77612385	CHR2		124121182	124121559	18
CHR8		77616282	77616683	CHR2		124125703	124126104	16
CHR8		77616713	77617114	CHR2		124126134	124126535	14
CHR8		77617133	77617490	CHR2		124126554	124126913	17
CHR8		77619525	77619923	CHR2		124129163	124129564	19
CHR8		77647983	77648384	CHR2		124157057	124157458	15
CHR8		77687633	77688033	CHR2		124175910	124176311	20
CHR8		77691062	77691461	CHR2		124179279	124179680	4
CHR8		77710369	77710769	CHR2		124194728	124195128	17
CHR8		77712456	77712857	CHR2		124196723	124197124	13
CHR8		77714307	77714708	CHR2		124198569	124198970	10
CHR8		77720696	77721081	CHR2		124205360	124205747	19
CHR8		77722543	77722942	CHR2		124207143	124207542	16
CHR8		77760037	77760437	CHR2		124233456	124233855	19
CHR8		77776030	77776431	CHR2		124251104	124251505	14
CHR8		77777272	77777672	CHR2		124252318	124252719	17
CHR8		77778050	77778451	CHR2		124253139	124253534	17
CHR8		77778696	77779048	CHR2		124253790	124254140	17
CHR8		77779168	77779564	CHR2		124254273	124254673	17
CHR8		78042922	78043308	CHR2		124368416	124368803	19
CHR8		78119670	78120046	CHR2		124399471	124399847	18
CHR8		78173232	78173633	CHR2		124423502	124423903	9
CHR8		78308359	78308760	CHR2		124493845	124494246	7
CHR8		78643856	78644256	CHR2		124652356	124652753	16
CHR8		78921400	78921800	CHR2		124763868	124764267	19
CHR8		79007037	79007437	CHR2		124811418	124811817	19
