h_8.fa	76570000 - 79010000	g_2.fa	123570000 - 124820000
CHR8		76571547	76571996	CHR2		123574317	123574764	22
CHR8		76749915	76750327	CHR2		123667284	123667696	20
CHR8		76883689	76884138	CHR2		123749757	123750206	22
CHR8		76888712	76889114	CHR2		123755300	123755703	20
CHR8		76960221	76960632	CHR2		123794184	123794598	19
CHR8		77032119	77032570	CHR2		123814627	123815078	16
CHR8		77141100	77141524	CHR2		123879046	123879469	19
CHR8		77316655	77317069	CHR2		123962522	123962938	20
CHR8		77440685	77441134	CHR2		124016655	124017106	22
CHR8		77441484	77441935	CHR2		124017463	124017912	21
CHR8		77491304	77491750	CHR2		124041561	124042011	21
CHR8		77577531	77577962	CHR2		124084121	124084549	21
CHR8		77597287	77597737	CHR2		124106118	124106569	22
CHR8		77599349	77599800	CHR2		124108194	124108645	14
CHR8		77611005	77611452	CHR2		124120054	124120501	21
CHR8		77616194	77616644	CHR2		124125615	124126065	11
CHR8		77616689	77617140	CHR2		124126110	124126561	20
CHR8		77619537	77619984	CHR2		124129174	124129625	22
CHR8		77647859	77648310	CHR2		124156933	124157384	14
CHR8		77687635	77688053	CHR2		124175913	124176332	20
CHR8		77691081	77691530	CHR2		124179299	124179749	20
CHR8		77710433	77710884	CHR2		124194792	124195243	14
CHR8		77712403	77712854	CHR2		124196670	124197121	18
CHR8		77714041	77714492	CHR2		124198304	124198754	22
CHR8		77722548	77722998	CHR2		124207147	124207594	20
CHR8		77760080	77760529	CHR2		124233499	124233946	22
CHR8		77775988	77776439	CHR2		124251062	124251513	21
CHR8		77777047	77777498	CHR2		124252093	124252544	15
CHR8		77777514	77777962	CHR2		124252561	124253011	22
CHR8		77777952	77778403	CHR2		124253041	124253486	21
CHR8		77779131	77779575	CHR2		124254236	124254686	22
CHR8		78042981	78043430	CHR2		124368475	124368925	22
CHR8		78173254	78173704	CHR2		124423524	124423974	19
CHR8		78308313	78308763	CHR2		124493800	124494249	10
CHR8		78643847	78644297	CHR2		124652347	124652794	21
CHR8		78921393	78921843	CHR2		124763861	124764310	22
CHR8		79007037	79007458	CHR2		124811418	124811838	21
