h_8.fa	76570000 - 79010000	g_2.fa	123570000 - 124820000
CHR8		76571692	76571993	CHR2		123574461	123574762	12
CHR8		76589933	76590233	CHR2		123580323	123580623	14
CHR8		76636594	76636861	CHR2		123599089	123599356	13
CHR8		76733062	76733318	CHR2		123654429	123654684	12
CHR8		76749931	76750232	CHR2		123667300	123667601	13
CHR8		76883747	76884048	CHR2		123749815	123750116	14
CHR8		76886416	76886699	CHR2		123752866	123753149	14
CHR8		76888657	76888958	CHR2		123755246	123755546	15
CHR8		76960275	76960575	CHR2		123794241	123794541	12
CHR8		77032039	77032340	CHR2		123814547	123814848	12
CHR8		77140255	77140516	CHR2		123878205	123878465	13
CHR8		77141161	77141461	CHR2		123879106	123879406	12
CHR8		77142468	77142768	CHR2		123880395	123880693	10
CHR8		77264741	77265041	CHR2		123927678	123927979	8
CHR8		77265412	77265694	CHR2		123928398	123928682	13
CHR8		77316649	77316949	CHR2		123962516	123962817	14
CHR8		77372834	77373134	CHR2		123997441	123997742	15
CHR8		77437599	77437899	CHR2		124013357	124013657	15
CHR8		77440633	77440934	CHR2		124016604	124016904	12
CHR8		77441508	77441808	CHR2		124017486	124017785	14
CHR8		77447548	77447848	CHR2		124027885	124028186	15
CHR8		77491453	77491750	CHR2		124041711	124042011	14
CHR8		77493315	77493603	CHR2		124043690	124043977	14
CHR8		77493789	77494064	CHR2		124044172	124044447	13
CHR8		77575835	77576104	CHR2		124082320	124082588	13
CHR8		77577545	77577846	CHR2		124084135	124084436	10
CHR8		77578007	77578302	CHR2		124084588	124084884	14
CHR8		77582207	77582507	CHR2		124089334	124089633	12
CHR8		77587028	77587329	CHR2		124094608	124094907	14
CHR8		77587526	77587798	CHR2		124095092	124095367	13
CHR8		77593433	77593733	CHR2		124101008	124101308	14
CHR8		77597264	77597565	CHR2		124106095	124106396	4
CHR8		77598275	77598573	CHR2		124107082	124107380	11
CHR8		77599247	77599548	CHR2		124108092	124108393	4
CHR8		77599961	77600261	CHR2		124108802	124109103	15
CHR8		77608048	77608334	CHR2		124117001	124117289	14
CHR8		77608523	77608795	CHR2		124117473	124117750	12
CHR8		77610997	77611297	CHR2		124120048	124120346	14
CHR8		77612081	77612381	CHR2		124121253	124121554	15
CHR8		77616333	77616634	CHR2		124125754	124126055	10
CHR8		77616793	77617094	CHR2		124126214	124126515	11
CHR8		77617109	77617410	CHR2		124126530	124126831	12
CHR8		77619760	77620061	CHR2		124129402	124129702	11
CHR8		77647900	77648200	CHR2		124156974	124157274	8
CHR8		77687635	77687935	CHR2		124175913	124176213	15
CHR8		77690860	77691160	CHR2		124179077	124179378	3
CHR8		77691200	77691498	CHR2		124179418	124179718	7
CHR8		77710442	77710743	CHR2		124194801	124195102	9
CHR8		77711259	77711525	CHR2		124195613	124195879	13
CHR8		77712391	77712692	CHR2		124196658	124196959	14
CHR8		77714081	77714382	CHR2		124198343	124198644	8
CHR8		77714437	77714737	CHR2		124198699	124198999	9
CHR8		77720703	77721002	CHR2		124205367	124205667	13
CHR8		77722509	77722810	CHR2		124207109	124207410	10
CHR8		77753637	77753891	CHR2		124226565	124226819	12
CHR8		77753966	77754234	CHR2		124226911	124227179	13
CHR8		77755102	77755402	CHR2		124227980	124228278	10
CHR8		77760004	77760305	CHR2		124233423	124233722	14
CHR8		77776044	77776345	CHR2		124251118	124251419	10
CHR8		77776528	77776828	CHR2		124251602	124251902	7
CHR8		77776847	77777147	CHR2		124251893	124252193	11
CHR8		77777373	77777674	CHR2		124252420	124252721	14
CHR8		77778083	77778383	CHR2		124253170	124253466	14
CHR8		77778696	77778994	CHR2		124253790	124254089	6
CHR8		77779262	77779559	CHR2		124254367	124254667	14
CHR8		78042902	78043195	CHR2		124368396	124368688	14
CHR8		78043346	78043598	CHR2		124368841	124369090	12
CHR8		78119688	78119988	CHR2		124399489	124399789	15
CHR8		78171350	78171651	CHR2		124421409	124421710	12
CHR8		78173202	78173503	CHR2		124423472	124423773	10
CHR8		78308427	78308727	CHR2		124493913	124494213	4
CHR8		78314378	78314642	CHR2		124499540	124499805	13
CHR8		78316246	78316547	CHR2		124502469	124502769	14
CHR8		78371118	78371418	CHR2		124536089	124536389	15
CHR8		78371797	78372080	CHR2		124536897	124537180	14
CHR8		78522439	78522734	CHR2		124601168	124601467	14
CHR8		78571543	78571804	CHR2		124628366	124628627	13
CHR8		78643849	78644148	CHR2		124652348	124652648	7
CHR8		78921475	78921776	CHR2		124763943	124764243	13
CHR8		78923606	78923906	CHR2		124766173	124766473	15
CHR8		78993742	78994042	CHR2		124804132	124804432	15
CHR8		79006343	79006643	CHR2		124810718	124811018	15
CHR8		79007088	79007389	CHR2		124811468	124811769	12
